0	namespace	1.0	2.012948151231493E-212	2.1570231112115466E-212	1.4161294074145797E-212	2.020140932657917E-212	1.6102749589276094E-212	2.152694540505598E-212	1.2525389104950003E-212	1.5216198960187758E-212	8.011696468734632E-213
1	namespace	1.0	2.012948151231493E-212	2.1570231112115466E-212	1.4161294074145797E-212	2.020140932657917E-212	1.6102749589276094E-212	2.152694540505598E-212	1.2525389104950003E-212	1.5216198960187758E-212	8.011696468734632E-213
2	namespace	1.0	2.3588307976487404E-212	2.527661998076355E-212	1.6594613515613684E-212	2.3672595067235494E-212	1.8869667176858079E-212	2.5225896538707945E-212	1.4677612811445084E-212	1.7830781537260728E-212	9.3883373798293E-213
3	namespace	1.0	2.3588307976487404E-212	2.527661998076355E-212	1.6594613515613684E-212	2.3672595067235494E-212	1.8869667176858079E-212	2.5225896538707945E-212	1.4677612811445084E-212	1.7830781537260728E-212	9.3883373798293E-213
4	release	1.0	2.580536126758289E-212	2.7652356874311887E-212	1.8154332955682127E-212	2.5897570459913094E-212	2.0643217774808149E-212	2.759686596125934E-212	1.605715431232239E-212	1.9506687792571343E-212	1.0270742523369605E-212
5	health	1.0	2.3588307976487404E-212	2.527661998076355E-212	1.6594613515613684E-212	2.3672595067235494E-212	1.8869667176858079E-212	2.5225896538707945E-212	1.4677612811445084E-212	1.7830781537260728E-212	9.3883373798293E-213
6	health	1.0	2.580536126758289E-212	2.7652356874311887E-212	1.8154332955682127E-212	2.5897570459913094E-212	2.0643217774808149E-212	2.759686596125934E-212	1.605715431232239E-212	1.9506687792571343E-212	1.0270742523369605E-212
7	cluster	1.0	2.580536126758289E-212	2.7652356874311887E-212	1.8154332955682127E-212	2.5897570459913094E-212	2.0643217774808149E-212	2.759686596125934E-212	1.605715431232239E-212	1.9506687792571343E-212	1.0270742523369605E-212
8	instance	1.0	2.580536126758289E-212	2.7652356874311887E-212	1.8154332955682127E-212	2.5897570459913094E-212	2.0643217774808149E-212	2.759686596125934E-212	1.605715431232239E-212	1.9506687792571343E-212	1.0270742523369605E-212
9	domain	1.0	2.580536126758289E-212	2.7652356874311887E-212	1.8154332955682127E-212	2.5897570459913094E-212	2.0643217774808149E-212	2.759686596125934E-212	1.605715431232239E-212	1.9506687792571343E-212	1.0270742523369605E-212
10	push	1.0	2.580536126758289E-212	2.7652356874311887E-212	1.8154332955682127E-212	2.5897570459913094E-212	2.0643217774808149E-212	2.759686596125934E-212	1.605715431232239E-212	1.9506687792571343E-212	1.0270742523369605E-212
11	client	1.0	1.5564840288124777E-212	1.667887978299978E-212	1.095002275157452E-212	1.5620457465378543E-212	1.2451226098566586E-212	1.6645409714894583E-212	9.685082094434168E-213	1.1765713213366117E-212	6.194932338247144E-213
12	raft	1.0	2.3588307976487404E-212	2.527661998076355E-212	1.6594613515613684E-212	2.3672595067235494E-212	1.8869667176858079E-212	2.5225896538707945E-212	1.4677612811445084E-212	1.7830781537260728E-212	9.3883373798293E-213
13	deserialization	1.0	1.875446867464122E-212	2.009680296283092E-212	1.3193958619523658E-212	1.8821483214416068E-212	1.5002796399048426E-212	2.0056474033513482E-212	1.166979971455124E-212	1.4176804632119473E-212	7.46443023689872E-213
