0	default	2.7520888318601595E-4	0.9979263176861001	2.2056138362975148E-4	2.078639870430885E-4	5.5833550660887405E-5	2.567828480648173E-4	3.992740188152142E-4	1.6615401891405794E-4	2.3691917593142645E-4	2.550844476545437E-4
1	default	2.7520888318601595E-4	0.9979263176861001	2.2056138362975148E-4	2.078639870430885E-4	5.5833550660887405E-5	2.567828480648173E-4	3.992740188152142E-4	1.6615401891405794E-4	2.3691917593142645E-4	2.550844476545437E-4
2	default	3.438266616867189E-4	0.9974092868691848	2.755539114599138E-4	2.596906753973123E-4	6.975451922775967E-5	3.2080646673333935E-4	4.988249339854554E-4	2.0758116884780602E-4	2.959901890049527E-4	3.186846044718038E-4
3	default	2.5023870762187463E-4	0.9981144664509324	2.0054946974039391E-4	1.8900412979632922E-4	5.0767676528367476E-5	2.3348449837562926E-4	3.630471999981872E-4	1.5107857885216354E-4	2.1542309139726268E-4	2.319401967572688E-4
4	audit	0.9962669099070506	1.4384488703316156E-4	4.40178250778588E-4	4.1483783203900674E-4	1.1142800367050265E-4	5.124660674094021E-4	7.968382147912447E-4	3.315965116005781E-4	4.7282378592828446E-4	5.09076539698736E-4
5	lb	2.7520888318601595E-4	7.207677175321885E-5	2.2056138362975148E-4	2.078639870430885E-4	0.9979100744650078	2.567828480648173E-4	3.992740188152142E-4	1.6615401891405794E-4	2.3691917593142645E-4	2.550844476545437E-4
6	security	0.7483332560689161	9.00476595456206E-5	2.755539114599138E-4	0.24958950047780712	6.975451922775967E-5	3.2080646673333935E-4	4.988249339854554E-4	2.0758116884780602E-4	2.959901890049527E-4	3.186846044718038E-4
7	sso	3.438266616867189E-4	9.00476595456206E-5	2.755539114599138E-4	0.9975789298850366	6.975451922775967E-5	3.2080646673333935E-4	4.988249339854554E-4	2.0758116884780602E-4	2.959901890049527E-4	3.186846044718038E-4
8	api	5.492392313012702E-4	1.4384488703316156E-4	4.40178250778588E-4	0.9961325085077883	1.1142800367050265E-4	5.124660674094021E-4	7.968382147912447E-4	3.315965116005781E-4	4.7282378592828446E-4	5.09076539698736E-4
9	api	3.9279432940811403E-4	1.0287221436661048E-4	3.1479819900150725E-4	0.9972341219625268	7.968893240809316E-5	3.66495606687781E-4	5.698673991006328E-4	2.371448031846333E-4	3.3814500373887746E-4	3.6407154957706267E-4
10	api	3.9279432940811403E-4	1.0287221436661048E-4	3.1479819900150725E-4	0.9972341219625268	7.968893240809316E-5	3.66495606687781E-4	5.698673991006328E-4	2.371448031846333E-4	3.3814500373887746E-4	3.6407154957706267E-4
11	api	3.057147601817646E-4	8.006621274763682E-5	2.450097893684337E-4	0.9978472964663407	6.202249125386125E-5	2.8524626787524793E-4	4.435320528022293E-4	1.8457157144602176E-4	2.6318078186226825E-4	2.833596061217882E-4
12	api	3.057147601817646E-4	8.006621274763682E-5	2.450097893684337E-4	0.9978472964663407	6.202249125386125E-5	2.8524626787524793E-4	4.435320528022293E-4	1.8457157144602176E-4	2.6318078186226825E-4	2.833596061217882E-4
13	xxl	0.9979221062927367	8.006621274763682E-5	2.450097893684337E-4	2.3090493378569914E-4	6.202249125386125E-5	2.8524626787524793E-4	4.435320528022293E-4	1.8457157144602176E-4	2.6318078186226825E-4	2.833596061217882E-4
14	xxl	0.9979221062927367	8.006621274763682E-5	2.450097893684337E-4	2.3090493378569914E-4	6.202249125386125E-5	2.8524626787524793E-4	4.435320528022293E-4	1.8457157144602176E-4	2.6318078186226825E-4	2.833596061217882E-4
15	xxl	0.9962669099070506	1.4384488703316156E-4	4.40178250778588E-4	4.1483783203900674E-4	1.1142800367050265E-4	5.124660674094021E-4	7.968382147912447E-4	3.315965116005781E-4	4.7282378592828446E-4	5.09076539698736E-4
16	xxl	0.9979221062927367	8.006621274763682E-5	2.450097893684337E-4	2.3090493378569914E-4	6.202249125386125E-5	2.8524626787524793E-4	4.435320528022293E-4	1.8457157144602176E-4	2.6318078186226825E-4	2.833596061217882E-4
17	xxl	0.9976630658713259	9.00476595456206E-5	2.755539114599138E-4	2.596906753973123E-4	6.975451922775967E-5	3.2080646673333935E-4	4.988249339854554E-4	2.0758116884780602E-4	2.959901890049527E-4	3.186846044718038E-4
18	xxl	0.9976630658713259	9.00476595456206E-5	2.755539114599138E-4	2.596906753973123E-4	6.975451922775967E-5	3.2080646673333935E-4	4.988249339854554E-4	2.0758116884780602E-4	2.959901890049527E-4	3.186846044718038E-4
19	xxl	0.9973302405652886	1.0287221436661048E-4	3.1479819900150725E-4	2.966757266461506E-4	7.968893240809316E-5	3.66495606687781E-4	5.698673991006328E-4	2.371448031846333E-4	3.3814500373887746E-4	3.6407154957706267E-4
20	xxl	0.9962669099070506	1.4384488703316156E-4	4.40178250778588E-4	4.1483783203900674E-4	1.1142800367050265E-4	5.124660674094021E-4	7.968382147912447E-4	3.315965116005781E-4	4.7282378592828446E-4	5.09076539698736E-4
21	xxl	0.9968868696809996	1.1995635463014512E-4	3.670771998917167E-4	3.4594510184153847E-4	9.292299086686659E-5	4.273600722694173E-4	6.645061179985788E-4	2.7652779017795664E-4	3.9430124290274886E-4	4.2453344842149676E-4
22	xxl	0.9976630658713259	9.00476595456206E-5	2.755539114599138E-4	2.596906753973123E-4	6.975451922775967E-5	3.2080646673333935E-4	4.988249339854554E-4	2.0758116884780602E-4	2.959901890049527E-4	3.186846044718038E-4
23	xxl	0.9976630658713259	9.00476595456206E-5	2.755539114599138E-4	2.596906753973123E-4	6.975451922775967E-5	3.2080646673333935E-4	4.988249339854554E-4	2.0758116884780602E-4	2.959901890049527E-4	3.186846044718038E-4
24	xxl	0.9976630658713259	9.00476595456206E-5	2.755539114599138E-4	2.596906753973123E-4	6.975451922775967E-5	3.2080646673333935E-4	4.988249339854554E-4	2.0758116884780602E-4	2.959901890049527E-4	3.186846044718038E-4
25	abstract	5.492392313012702E-4	1.4384488703316156E-4	4.40178250778588E-4	4.1483783203900674E-4	1.1142800367050265E-4	0.9962301367431587	7.968382147912447E-4	3.315965116005781E-4	4.7282378592828446E-4	5.09076539698736E-4
26	bootstrap	6.858148179001628E-4	1.7961381741211582E-4	5.496343846125244E-4	5.179927361777877E-4	1.3913604799353256E-4	6.398975212817776E-4	9.949825577430205E-4	4.14052362357448E-4	5.903976631039358E-4	0.9952884780914177
27	java	4.58026262633684E-4	1.1995635463014512E-4	3.670771998917167E-4	3.4594510184153847E-4	9.292299086686659E-5	4.273600722694173E-4	0.9970933495363644	2.7652779017795664E-4	3.9430124290274886E-4	4.2453344842149676E-4
28	java	4.58026262633684E-4	1.1995635463014512E-4	3.670771998917167E-4	3.4594510184153847E-4	9.292299086686659E-5	4.273600722694173E-4	0.9970933495363644	2.7652779017795664E-4	3.9430124290274886E-4	4.2453344842149676E-4
29	java	4.58026262633684E-4	1.1995635463014512E-4	3.670771998917167E-4	3.4594510184153847E-4	9.292299086686659E-5	4.273600722694173E-4	0.9970933495363644	2.7652779017795664E-4	3.9430124290274886E-4	4.2453344842149676E-4
30	java	8.352154015890803E-5	2.1874159426903283E-5	6.693688898074295E-5	6.308343008563255E-5	0.5148329910641943	7.792953013899731E-5	0.48465392295955223	5.0425114925940014E-5	7.190122004018764E-5	7.741409249603176E-5
31	java	4.58026262633684E-4	1.1995635463014512E-4	3.670771998917167E-4	3.4594510184153847E-4	9.292299086686659E-5	4.273600722694173E-4	0.9970933495363644	2.7652779017795664E-4	3.9430124290274886E-4	4.2453344842149676E-4
32	java	2.7520888318601595E-4	7.207677175321885E-5	2.2056138362975148E-4	2.078639870430885E-4	5.5833550660887405E-5	2.567828480648173E-4	0.9982535149331622	1.6615401891405794E-4	2.3691917593142645E-4	2.550844476545437E-4
33	java	4.58026262633684E-4	1.1995635463014512E-4	3.670771998917167E-4	3.4594510184153847E-4	9.292299086686659E-5	4.273600722694173E-4	0.9970933495363644	2.7652779017795664E-4	3.9430124290274886E-4	4.2453344842149676E-4
34	java	4.58026262633684E-4	1.1995635463014512E-4	3.670771998917167E-4	3.4594510184153847E-4	9.292299086686659E-5	4.273600722694173E-4	0.9970933495363644	2.7652779017795664E-4	3.9430124290274886E-4	4.2453344842149676E-4
35	java	2.1180402100519298E-4	5.547113851004129E-5	1.6974665712252726E-4	1.5997459009395293E-4	4.2970162881624594E-5	1.9762312580779885E-4	0.9986558843758988	1.2787410386162477E-4	1.8233580811268904E-4	1.9631601670576566E-4
36	java	4.58026262633684E-4	1.1995635463014512E-4	3.670771998917167E-4	3.4594510184153847E-4	9.292299086686659E-5	4.273600722694173E-4	0.9970933495363644	2.7652779017795664E-4	3.9430124290274886E-4	4.2453344842149676E-4
37	java	4.58026262633684E-4	1.1995635463014512E-4	3.670771998917167E-4	3.4594510184153847E-4	9.292299086686659E-5	4.273600722694173E-4	0.9970933495363644	2.7652779017795664E-4	3.9430124290274886E-4	4.2453344842149676E-4
38	java	2.7520888318601595E-4	7.207677175321885E-5	2.2056138362975148E-4	2.078639870430885E-4	5.5833550660887405E-5	2.567828480648173E-4	0.9982535149331622	1.6615401891405794E-4	2.3691917593142645E-4	2.550844476545437E-4
39	java	3.438266616867189E-4	9.00476595456206E-5	2.755539114599138E-4	2.596906753973123E-4	6.975451922775967E-5	3.2080646673333935E-4	4.988249339854554E-4	2.0758116884780602E-4	2.959901890049527E-4	0.9976379238141111
40	java	3.438266616867189E-4	9.00476595456206E-5	2.755539114599138E-4	2.596906753973123E-4	6.975451922775967E-5	3.2080646673333935E-4	4.988249339854554E-4	2.0758116884780602E-4	2.959901890049527E-4	0.9976379238141111
41	java	4.58026262633684E-4	1.1995635463014512E-4	3.670771998917167E-4	3.4594510184153847E-4	9.292299086686659E-5	4.273600722694173E-4	6.645061179985788E-4	2.7652779017795664E-4	3.9430124290274886E-4	0.9968533768667873
42	java	3.438266616867189E-4	9.00476595456206E-5	2.755539114599138E-4	2.596906753973123E-4	6.975451922775967E-5	3.2080646673333935E-4	4.988249339854554E-4	2.0758116884780602E-4	2.959901890049527E-4	0.9976379238141111
43	java	4.58026262633684E-4	1.1995635463014512E-4	3.670771998917167E-4	3.4594510184153847E-4	9.292299086686659E-5	4.273600722694173E-4	6.645061179985788E-4	2.7652779017795664E-4	3.9430124290274886E-4	0.9968533768667873
44	java	4.58026262633684E-4	1.1995635463014512E-4	3.670771998917167E-4	3.4594510184153847E-4	9.292299086686659E-5	4.273600722694173E-4	6.645061179985788E-4	2.7652779017795664E-4	3.9430124290274886E-4	0.9968533768667873
45	java	4.58026262633684E-4	1.1995635463014512E-4	3.670771998917167E-4	3.4594510184153847E-4	9.292299086686659E-5	0.16649883397533038	6.645061179985788E-4	2.7652779017795664E-4	3.9430124290274886E-4	0.8307819029637263
46	java	4.58026262633684E-4	1.1995635463014512E-4	3.670771998917167E-4	3.4594510184153847E-4	9.292299086686659E-5	4.273600722694173E-4	6.645061179985788E-4	2.7652779017795664E-4	3.9430124290274886E-4	0.9968533768667873
47	java	4.58026262633684E-4	1.1995635463014512E-4	3.670771998917167E-4	3.4594510184153847E-4	9.292299086686659E-5	4.273600722694173E-4	6.645061179985788E-4	2.7652779017795664E-4	3.9430124290274886E-4	0.9968533768667873
48	java	4.58026262633684E-4	1.1995635463014512E-4	3.670771998917167E-4	3.4594510184153847E-4	9.292299086686659E-5	4.273600722694173E-4	6.645061179985788E-4	2.7652779017795664E-4	3.9430124290274886E-4	0.9968533768667873
49	java	3.057147601817646E-4	8.006621274763682E-5	2.450097893684337E-4	2.3090493378569914E-4	6.202249125386125E-5	2.8524626787524793E-4	4.435320528022293E-4	1.8457157144602176E-4	2.6318078186226825E-4	0.9978997511386769
50	java	1.6203074025833002E-4	4.243559491032506E-5	1.2985672500176793E-4	1.2238106308100062E-4	3.2872309353182413E-5	1.5118231096291438E-4	2.350747697007291E-4	9.782409045039632E-5	1.3948746498715182E-4	0.9988868549312943
51	java	6.858148179001628E-4	1.7961381741211582E-4	5.496343846125244E-4	5.179927361777877E-4	1.3913604799353256E-4	6.398975212817776E-4	0.9956477955064076	4.14052362357448E-4	5.903976631039358E-4	6.356651427531161E-4
52	java	6.858148179001628E-4	1.7961381741211582E-4	5.496343846125244E-4	5.179927361777877E-4	1.3913604799353256E-4	6.398975212817776E-4	0.9956477955064076	4.14052362357448E-4	5.903976631039358E-4	6.356651427531161E-4
53	java	6.858148179001628E-4	1.7961381741211582E-4	5.496343846125244E-4	5.179927361777877E-4	1.3913604799353256E-4	6.398975212817776E-4	0.9956477955064076	4.14052362357448E-4	5.903976631039358E-4	6.356651427531161E-4
54	java	3.438266616867189E-4	9.00476595456206E-5	2.755539114599138E-4	2.596906753973123E-4	6.975451922775967E-5	3.2080646673333935E-4	0.9978180641436247	2.0758116884780602E-4	2.959901890049527E-4	3.186846044718038E-4
55	java	6.858148179001628E-4	1.7961381741211582E-4	5.496343846125244E-4	5.179927361777877E-4	1.3913604799353256E-4	6.398975212817776E-4	0.9956477955064076	4.14052362357448E-4	5.903976631039358E-4	6.356651427531161E-4
56	java	6.858148179001628E-4	1.7961381741211582E-4	5.496343846125244E-4	5.179927361777877E-4	1.3913604799353256E-4	6.398975212817776E-4	0.9956477955064076	4.14052362357448E-4	5.903976631039358E-4	6.356651427531161E-4
57	java	6.858148179001628E-4	1.7961381741211582E-4	5.496343846125244E-4	5.179927361777877E-4	1.3913604799353256E-4	6.398975212817776E-4	9.949825577430205E-4	4.14052362357448E-4	5.903976631039358E-4	0.9952884780914177
58	xml	4.58026262633684E-4	1.1995635463014512E-4	3.670771998917167E-4	3.4594510184153847E-4	9.292299086686659E-5	4.273600722694173E-4	0.9970933495363644	2.7652779017795664E-4	3.9430124290274886E-4	4.2453344842149676E-4
59	titan	3.9279432940811403E-4	1.0287221436661048E-4	0.9972522444348821	2.966757266461506E-4	7.968893240809316E-5	3.66495606687781E-4	5.698673991006328E-4	2.371448031846333E-4	3.3814500373887746E-4	3.6407154957706267E-4
60	titan	3.9279432940811403E-4	1.0287221436661048E-4	0.9972522444348821	2.966757266461506E-4	7.968893240809316E-5	3.66495606687781E-4	5.698673991006328E-4	2.371448031846333E-4	3.3814500373887746E-4	3.6407154957706267E-4
61	titan	3.9279432940811403E-4	1.0287221436661048E-4	0.9972522444348821	2.966757266461506E-4	7.968893240809316E-5	3.66495606687781E-4	5.698673991006328E-4	2.371448031846333E-4	3.3814500373887746E-4	3.6407154957706267E-4
62	titan	3.9279432940811403E-4	1.0287221436661048E-4	0.9972522444348821	2.966757266461506E-4	7.968893240809316E-5	3.66495606687781E-4	5.698673991006328E-4	2.371448031846333E-4	3.3814500373887746E-4	3.6407154957706267E-4
63	titan	3.9279432940811403E-4	1.0287221436661048E-4	0.9972522444348821	2.966757266461506E-4	7.968893240809316E-5	3.66495606687781E-4	5.698673991006328E-4	2.371448031846333E-4	3.3814500373887746E-4	3.6407154957706267E-4
64	titan	3.9279432940811403E-4	1.0287221436661048E-4	0.9972522444348821	2.966757266461506E-4	7.968893240809316E-5	3.66495606687781E-4	5.698673991006328E-4	2.371448031846333E-4	3.3814500373887746E-4	3.6407154957706267E-4
65	abstract	4.58026262633684E-4	1.1995635463014512E-4	3.670771998917167E-4	3.4594510184153847E-4	9.292299086686659E-5	0.9968562034906354	6.645061179985788E-4	2.7652779017795664E-4	3.9430124290274886E-4	4.2453344842149676E-4
66	annotate	2.294227836587619E-4	6.008546461628505E-5	1.838669087064442E-4	1.7328195942571E-4	4.654460446872732E-5	2.1406226106094226E-4	0.9985440751002882	1.3851121771236015E-4	1.975032790187555E-4	2.126464210437841E-4
67	annotate	2.294227836587619E-4	6.008546461628505E-5	1.838669087064442E-4	1.7328195942571E-4	4.654460446872732E-5	2.1406226106094226E-4	0.9985440751002882	1.3851121771236015E-4	1.975032790187555E-4	2.126464210437841E-4
68	apollo	3.9279432940811403E-4	1.0287221436661048E-4	3.1479819900150725E-4	2.966757266461506E-4	7.968893240809316E-5	0.9973039418425684	5.698673991006328E-4	2.371448031846333E-4	3.3814500373887746E-4	3.6407154957706267E-4
69	apollo	3.9279432940811403E-4	1.0287221436661048E-4	3.1479819900150725E-4	2.966757266461506E-4	7.968893240809316E-5	0.9973039418425684	5.698673991006328E-4	2.371448031846333E-4	3.3814500373887746E-4	3.6407154957706267E-4
70	prefix	4.58026262633684E-4	1.1995635463014512E-4	3.670771998917167E-4	3.4594510184153847E-4	9.292299086686659E-5	0.9968562034906354	6.645061179985788E-4	2.7652779017795664E-4	3.9430124290274886E-4	4.2453344842149676E-4
71	ldap	4.58026262633684E-4	1.1995635463014512E-4	3.670771998917167E-4	3.4594510184153847E-4	9.292299086686659E-5	4.273600722694173E-4	6.645061179985788E-4	2.7652779017795664E-4	0.9968231446612688	4.2453344842149676E-4
72	ldap	3.9279432940811403E-4	1.0287221436661048E-4	3.1479819900150725E-4	2.966757266461506E-4	7.968893240809316E-5	3.66495606687781E-4	5.698673991006328E-4	2.371448031846333E-4	0.9972755912396195	3.6407154957706267E-4
73	ldap	3.9279432940811403E-4	1.0287221436661048E-4	3.1479819900150725E-4	2.966757266461506E-4	7.968893240809316E-5	3.66495606687781E-4	5.698673991006328E-4	2.371448031846333E-4	0.9972755912396195	3.6407154957706267E-4
74	ldap	3.057147601817646E-4	8.006621274763682E-5	2.450097893684337E-4	2.3090493378569914E-4	6.202249125386125E-5	2.8524626787524793E-4	4.435320528022293E-4	1.8457157144602176E-4	0.9978795723144173	2.833596061217882E-4
75	ldap	3.9279432940811403E-4	1.0287221436661048E-4	3.1479819900150725E-4	2.966757266461506E-4	7.968893240809316E-5	3.66495606687781E-4	5.698673991006328E-4	2.371448031846333E-4	0.9972755912396195	3.6407154957706267E-4
76	ldap	3.438266616867189E-4	9.00476595456206E-5	2.755539114599138E-4	2.596906753973123E-4	6.975451922775967E-5	3.2080646673333935E-4	4.988249339854554E-4	2.0758116884780602E-4	0.9976152293986442	3.186846044718038E-4
77	ldap	3.9279432940811403E-4	1.0287221436661048E-4	0.7124129740817734	2.966757266461506E-4	7.968893240809316E-5	3.66495606687781E-4	5.698673991006328E-4	2.371448031846333E-4	0.2851774153568476	3.6407154957706267E-4
78	ldap	3.438266616867189E-4	9.00476595456206E-5	2.755539114599138E-4	2.596906753973123E-4	6.975451922775967E-5	3.2080646673333935E-4	4.988249339854554E-4	2.0758116884780602E-4	0.9976152293986442	3.186846044718038E-4
79	ldap	3.438266616867189E-4	9.00476595456206E-5	2.755539114599138E-4	2.596906753973123E-4	6.975451922775967E-5	3.2080646673333935E-4	4.988249339854554E-4	2.0758116884780602E-4	0.9976152293986442	3.186846044718038E-4
80	ldap	3.057147601817646E-4	8.006621274763682E-5	2.450097893684337E-4	2.3090493378569914E-4	6.202249125386125E-5	2.8524626787524793E-4	4.435320528022293E-4	1.8457157144602176E-4	0.9978795723144173	2.833596061217882E-4
81	switch	3.057147601817646E-4	8.006621274763682E-5	2.450097893684337E-4	2.3090493378569914E-4	6.202249125386125E-5	2.8524626787524793E-4	4.435320528022293E-4	0.9978009631040009	2.6318078186226825E-4	2.833596061217882E-4
82	switch	3.057147601817646E-4	8.006621274763682E-5	2.450097893684337E-4	2.3090493378569914E-4	6.202249125386125E-5	2.8524626787524793E-4	4.435320528022293E-4	0.9978009631040009	2.6318078186226825E-4	2.833596061217882E-4
83	switch	3.057147601817646E-4	8.006621274763682E-5	2.450097893684337E-4	2.3090493378569914E-4	6.202249125386125E-5	2.8524626787524793E-4	4.435320528022293E-4	0.9978009631040009	2.6318078186226825E-4	2.833596061217882E-4
84	switch	2.7520888318601595E-4	7.207677175321885E-5	2.2056138362975148E-4	2.078639870430885E-4	5.5833550660887405E-5	2.567828480648173E-4	3.992740188152142E-4	0.9980203949332609	2.3691917593142645E-4	2.550844476545437E-4
85	jwt	2.5023870762187463E-4	6.553712221887611E-5	2.0054946974039391E-4	0.99823793345851	5.0767676528367476E-5	2.3348449837562926E-4	3.630471999981872E-4	1.5107857885216354E-4	2.1542309139726268E-4	2.319401967572688E-4
86	auth	3.057147601817646E-4	8.006621274763682E-5	2.450097893684337E-4	0.9978472964663407	6.202249125386125E-5	2.8524626787524793E-4	4.435320528022293E-4	1.8457157144602176E-4	2.6318078186226825E-4	2.833596061217882E-4
87	auth	3.057147601817646E-4	8.006621274763682E-5	2.450097893684337E-4	0.9978472964663407	6.202249125386125E-5	2.8524626787524793E-4	4.435320528022293E-4	1.8457157144602176E-4	2.6318078186226825E-4	2.833596061217882E-4
88	auth	2.7520888318601595E-4	7.207677175321885E-5	2.2056138362975148E-4	0.99806210490139	5.5833550660887405E-5	2.567828480648173E-4	3.992740188152142E-4	1.6615401891405794E-4	2.3691917593142645E-4	2.550844476545437E-4
89	controller	3.057147601817646E-4	8.006621274763682E-5	2.450097893684337E-4	2.3090493378569914E-4	6.202249125386125E-5	0.9979016378004302	4.435320528022293E-4	1.8457157144602176E-4	2.6318078186226825E-4	2.833596061217882E-4
90	reloadable	0.9962669099070506	1.4384488703316156E-4	4.40178250778588E-4	4.1483783203900674E-4	1.1142800367050265E-4	5.124660674094021E-4	7.968382147912447E-4	3.315965116005781E-4	4.7282378592828446E-4	5.09076539698736E-4
91	istio	2.7520888318601595E-4	7.207677175321885E-5	2.2056138362975148E-4	2.078639870430885E-4	0.9979100744650078	2.567828480648173E-4	3.992740188152142E-4	1.6615401891405794E-4	2.3691917593142645E-4	2.550844476545437E-4
92	service	2.7520888318601595E-4	7.207677175321885E-5	2.2056138362975148E-4	2.078639870430885E-4	5.5833550660887405E-5	2.567828480648173E-4	3.992740188152142E-4	1.6615401891405794E-4	0.9980911600902784	2.550844476545437E-4
93	service	2.7520888318601595E-4	7.207677175321885E-5	2.2056138362975148E-4	2.078639870430885E-4	5.5833550660887405E-5	2.567828480648173E-4	3.992740188152142E-4	1.6615401891405794E-4	0.9980911600902784	2.550844476545437E-4
94	service	2.7520888318601595E-4	7.207677175321885E-5	2.2056138362975148E-4	2.078639870430885E-4	5.5833550660887405E-5	2.567828480648173E-4	3.992740188152142E-4	1.6615401891405794E-4	0.9980911600902784	2.550844476545437E-4
95	global	3.438266616867189E-4	9.00476595456206E-5	2.755539114599138E-4	2.596906753973123E-4	6.975451922775967E-5	3.2080646673333935E-4	4.988249339854554E-4	0.997526820378487	2.959901890049527E-4	3.186846044718038E-4
96	global	2.7520888318601595E-4	7.207677175321885E-5	2.2056138362975148E-4	2.078639870430885E-4	5.5833550660887405E-5	2.567828480648173E-4	3.992740188152142E-4	0.9980203949332609	2.3691917593142645E-4	2.550844476545437E-4
97	global	3.438266616867189E-4	9.00476595456206E-5	2.755539114599138E-4	2.596906753973123E-4	6.975451922775967E-5	3.2080646673333935E-4	4.988249339854554E-4	0.997526820378487	2.959901890049527E-4	3.186846044718038E-4
98	global	3.9279432940811403E-4	1.0287221436661048E-4	3.1479819900150725E-4	2.966757266461506E-4	7.968893240809316E-5	3.66495606687781E-4	5.698673991006328E-4	0.9971745910390653	3.3814500373887746E-4	3.6407154957706267E-4
99	global	3.9279432940811403E-4	1.0287221436661048E-4	3.1479819900150725E-4	0.9972341219625268	7.968893240809316E-5	3.66495606687781E-4	5.698673991006328E-4	2.371448031846333E-4	3.3814500373887746E-4	3.6407154957706267E-4
100	global	2.294227836587619E-4	6.008546461628505E-5	1.838669087064442E-4	1.7328195942571E-4	4.654460446872732E-5	2.1406226106094226E-4	3.328473840624265E-4	0.9983497389339381	1.975032790187555E-4	2.126464210437841E-4
101	sentinel	3.9279432940811403E-4	1.0287221436661048E-4	3.1479819900150725E-4	2.966757266461506E-4	7.968893240809316E-5	0.9973039418425684	5.698673991006328E-4	2.371448031846333E-4	3.3814500373887746E-4	3.6407154957706267E-4
102	sentinel	3.9279432940811403E-4	1.0287221436661048E-4	3.1479819900150725E-4	2.966757266461506E-4	7.968893240809316E-5	0.9973039418425684	5.698673991006328E-4	2.371448031846333E-4	3.3814500373887746E-4	3.6407154957706267E-4
103	login	2.294227836587619E-4	6.008546461628505E-5	0.9983950946249323	1.7328195942571E-4	4.654460446872732E-5	2.1406226106094226E-4	3.328473840624265E-4	1.3851121771236015E-4	1.975032790187555E-4	2.126464210437841E-4
104	login	1.9669836436214373E-4	5.151499089794678E-5	0.9986240152037325	1.485653580212882E-4	3.990557268496442E-5	1.8352883680888723E-4	2.853706810770673E-4	1.1875424722573982E-4	1.6933179573364328E-4	1.82314949455887E-4
105	auth	4.58026262633684E-4	1.1995635463014512E-4	0.9967959206182576	3.4594510184153847E-4	9.292299086686659E-5	4.273600722694173E-4	6.645061179985788E-4	2.7652779017795664E-4	3.9430124290274886E-4	4.2453344842149676E-4
106	auth	4.58026262633684E-4	1.1995635463014512E-4	0.9967959206182576	3.4594510184153847E-4	9.292299086686659E-5	4.273600722694173E-4	6.645061179985788E-4	2.7652779017795664E-4	3.9430124290274886E-4	4.2453344842149676E-4
107	version	3.9279432940811403E-4	1.0287221436661048E-4	0.9972522444348821	2.966757266461506E-4	7.968893240809316E-5	3.66495606687781E-4	5.698673991006328E-4	2.371448031846333E-4	3.3814500373887746E-4	3.6407154957706267E-4
108	apache	3.9279432940811403E-4	1.0287221436661048E-4	3.1479819900150725E-4	2.966757266461506E-4	7.968893240809316E-5	0.9973039418425684	5.698673991006328E-4	2.371448031846333E-4	3.3814500373887746E-4	3.6407154957706267E-4
109	ok	4.58026262633684E-4	1.1995635463014512E-4	3.670771998917167E-4	3.4594510184153847E-4	9.292299086686659E-5	0.9968562034906354	6.645061179985788E-4	2.7652779017795664E-4	3.9430124290274886E-4	4.2453344842149676E-4
110	eureka	5.492392313012702E-4	1.4384488703316156E-4	4.40178250778588E-4	4.1483783203900674E-4	1.1142800367050265E-4	0.9962301367431587	7.968382147912447E-4	3.315965116005781E-4	4.7282378592828446E-4	5.09076539698736E-4
111	eureka	3.9279432940811403E-4	1.0287221436661048E-4	3.1479819900150725E-4	2.966757266461506E-4	7.968893240809316E-5	0.9973039418425684	5.698673991006328E-4	2.371448031846333E-4	3.3814500373887746E-4	3.6407154957706267E-4
112	eureka	3.9279432940811403E-4	1.0287221436661048E-4	3.1479819900150725E-4	2.966757266461506E-4	7.968893240809316E-5	0.9973039418425684	5.698673991006328E-4	2.371448031846333E-4	3.3814500373887746E-4	3.6407154957706267E-4
