0	group	1.3783023135771543E-4	0.9973574199748568	0.001031978061280898	2.5266013080437036E-4	7.709584523137383E-5	6.697369900437115E-4	1.3613145648265764E-4	1.9947581444404718E-4	6.40769406004653E-5	7.359455489787564E-5
1	group	1.3783023135771543E-4	0.9973574199748568	0.001031978061280898	2.5266013080437036E-4	7.709584523137383E-5	6.697369900437115E-4	1.3613145648265764E-4	1.9947581444404718E-4	6.40769406004653E-5	7.359455489787564E-5
2	base	1.1819975394712336E-4	0.9977337895635766	8.849985356670691E-4	2.1667499937525744E-4	6.611546572132908E-5	5.743496666344553E-4	1.1674292716634072E-4	1.7106546186152483E-4	5.495077921622793E-5	6.311284683401948E-5
3	eagle	1.0346390258492269E-4	6.638937143819128E-4	7.746666065228751E-4	1.8966233244426656E-4	5.787291323642275E-5	5.027460377365389E-4	1.0218869701894976E-4	0.99750216105045	4.810011762238333E-5	5.5244628001622474E-5
4	dashboard	1.0346390258492269E-4	6.638937143819128E-4	7.746666065228751E-4	1.8966233244426656E-4	5.787291323642275E-5	5.027460377365389E-4	1.0218869701894976E-4	1.4973889276963557E-4	4.810011762238333E-5	0.9974076667856819
5	command	8.281497388591268E-5	5.313963541480766E-4	6.200616174981724E-4	1.5181025184721878E-4	4.63228592642944E-5	4.0240991250280563E-4	8.179426895398207E-5	1.1985457908128368E-4	0.9979193160657059	4.4219117112232636E-5
6	record	9.199497605995584E-5	5.903013982175015E-4	6.887951656668353E-4	1.686383491900904E-4	5.145772713661834E-5	4.470168682053017E-4	9.086112645074637E-5	1.3314040463803574E-4	0.9976886731983106	4.912078612421328E-5
7	cli	1.0346390258492269E-4	6.638937143819128E-4	7.746666065228751E-4	1.8966233244426656E-4	5.787291323642275E-5	0.9978551681954169	1.0218869701894976E-4	1.4973889276963557E-4	4.810011762238333E-5	5.5244628001622474E-5
8	default	1.0346390258492269E-4	6.638937143819128E-4	7.746666065228751E-4	1.8966233244426656E-4	5.787291323642275E-5	0.9978551681954169	1.0218869701894976E-4	1.4973889276963557E-4	4.810011762238333E-5	5.5244628001622474E-5
9	generic	1.1819975394712336E-4	7.584488089705913E-4	8.849985356670691E-4	2.1667499937525744E-4	6.611546572132908E-5	0.9975496904212405	1.1674292716634072E-4	1.7106546186152483E-4	5.495077921622793E-5	6.311284683401948E-5
10	class	8.281497388591268E-5	5.313963541480766E-4	0.9985008772025024	1.5181025184721878E-4	4.63228592642944E-5	4.0240991250280563E-4	8.179426895398207E-5	1.1985457908128368E-4	3.8500480701831626E-5	4.4219117112232636E-5
11	jar	9.199497605995584E-5	5.903013982175015E-4	0.9983347001225078	1.686383491900904E-4	5.145772713661834E-5	4.470168682053017E-4	9.086112645074637E-5	1.3314040463803574E-4	4.2768241469726316E-5	4.912078612421328E-5
12	package	1.0346390258492269E-4	6.638937143819128E-4	7.746666065228751E-4	1.8966233244426656E-4	5.787291323642275E-5	0.9978551681954169	1.0218869701894976E-4	1.4973889276963557E-4	4.810011762238333E-5	5.5244628001622474E-5
13	package	8.281497388591268E-5	5.313963541480766E-4	6.200616174981724E-4	1.5181025184721878E-4	4.63228592642944E-5	0.9982832254975069	8.179426895398207E-5	1.1985457908128368E-4	3.8500480701831626E-5	4.4219117112232636E-5
14	source	9.199497605995584E-5	0.9982362063550585	6.887951656668353E-4	1.686383491900904E-4	5.145772713661834E-5	4.470168682053017E-4	9.086112645074637E-5	1.3314040463803574E-4	4.2768241469726316E-5	4.912078612421328E-5
15	source	9.199497605995584E-5	0.9982362063550585	6.887951656668353E-4	1.686383491900904E-4	5.145772713661834E-5	4.470168682053017E-4	9.086112645074637E-5	1.3314040463803574E-4	4.2768241469726316E-5	4.912078612421328E-5
16	elasticsearch6	1.0346390258492269E-4	0.9980163158720624	7.746666065228751E-4	1.8966233244426656E-4	5.787291323642275E-5	5.027460377365389E-4	1.0218869701894976E-4	1.4973889276963557E-4	4.810011762238333E-5	5.5244628001622474E-5
17	elasticsearch7	1.0346390258492269E-4	0.9980163158720624	7.746666065228751E-4	1.8966233244426656E-4	5.787291323642275E-5	5.027460377365389E-4	1.0218869701894976E-4	1.4973889276963557E-4	4.810011762238333E-5	5.5244628001622474E-5
18	bucket	9.199497605995584E-5	5.903013982175015E-4	0.9983347001225078	1.686383491900904E-4	5.145772713661834E-5	4.470168682053017E-4	9.086112645074637E-5	1.3314040463803574E-4	4.2768241469726316E-5	4.912078612421328E-5
19	deserialization	1.1819975394712336E-4	0.9977337895635766	8.849985356670691E-4	2.1667499937525744E-4	6.611546572132908E-5	5.743496666344553E-4	1.1674292716634072E-4	1.7106546186152483E-4	5.495077921622793E-5	6.311284683401948E-5
20	h	9.199497605995584E-5	0.9982362063550585	6.887951656668353E-4	1.686383491900904E-4	5.145772713661834E-5	4.470168682053017E-4	9.086112645074637E-5	1.3314040463803574E-4	4.2768241469726316E-5	4.912078612421328E-5
21	h	8.281497388591268E-5	5.313963541480766E-4	0.9985008772025024	1.5181025184721878E-4	4.63228592642944E-5	4.0240991250280563E-4	8.179426895398207E-5	1.1985457908128368E-4	3.8500480701831626E-5	4.4219117112232636E-5
22	hive	9.199497605995584E-5	5.903013982175015E-4	0.9983347001225078	1.686383491900904E-4	5.145772713661834E-5	4.470168682053017E-4	9.086112645074637E-5	1.3314040463803574E-4	4.2768241469726316E-5	4.912078612421328E-5
23	hive	9.199497605995584E-5	0.9982362063550585	6.887951656668353E-4	1.686383491900904E-4	5.145772713661834E-5	4.470168682053017E-4	9.086112645074637E-5	1.3314040463803574E-4	4.2768241469726316E-5	4.912078612421328E-5
24	hive	9.199497605995584E-5	0.9982362063550585	6.887951656668353E-4	1.686383491900904E-4	5.145772713661834E-5	4.470168682053017E-4	9.086112645074637E-5	1.3314040463803574E-4	4.2768241469726316E-5	4.912078612421328E-5
25	hive	1.1819975394712336E-4	7.584488089705913E-4	0.9978603392902731	2.1667499937525744E-4	6.611546572132908E-5	5.743496666344553E-4	1.1674292716634072E-4	1.7106546186152483E-4	5.495077921622793E-5	6.311284683401948E-5
26	hive	1.0346390258492269E-4	6.638937143819128E-4	0.9981270887642034	1.8966233244426656E-4	5.787291323642275E-5	5.027460377365389E-4	1.0218869701894976E-4	1.4973889276963557E-4	4.810011762238333E-5	5.5244628001622474E-5
27	jdbc	1.0346390258492269E-4	6.638937143819128E-4	7.746666065228751E-4	1.8966233244426656E-4	5.787291323642275E-5	5.027460377365389E-4	1.0218869701894976E-4	0.99750216105045	4.810011762238333E-5	5.5244628001622474E-5
28	postgre	1.0346390258492269E-4	0.9980163158720624	7.746666065228751E-4	1.8966233244426656E-4	5.787291323642275E-5	5.027460377365389E-4	1.0218869701894976E-4	1.4973889276963557E-4	4.810011762238333E-5	5.5244628001622474E-5
29	kafka	1.6527968962944727E-4	0.0010605452174000407	0.0012375007427088503	0.9960735724976723	9.244980035251229E-5	8.031178701318233E-4	1.6324259674108698E-4	2.3920224449400365E-4	7.683812724193468E-5	8.825121362794047E-5
30	kafka	1.6527968962944727E-4	0.0010605452174000407	0.0012375007427088503	0.9960735724976723	9.244980035251229E-5	8.031178701318233E-4	1.6324259674108698E-4	2.3920224449400365E-4	7.683812724193468E-5	8.825121362794047E-5
31	kafka	9.199497605995584E-5	5.903013982175015E-4	6.887951656668353E-4	0.997814543306031	5.145772713661834E-5	4.470168682053017E-4	9.086112645074637E-5	1.3314040463803574E-4	4.2768241469726316E-5	4.912078612421328E-5
32	kafka	9.199497605995584E-5	0.9982362063550585	6.887951656668353E-4	1.686383491900904E-4	5.145772713661834E-5	4.470168682053017E-4	9.086112645074637E-5	1.3314040463803574E-4	4.2768241469726316E-5	4.912078612421328E-5
33	flink	1.0346390258492269E-4	0.9980163158720624	7.746666065228751E-4	1.8966233244426656E-4	5.787291323642275E-5	5.027460377365389E-4	1.0218869701894976E-4	1.4973889276963557E-4	4.810011762238333E-5	5.5244628001622474E-5
34	kinesis	1.3783023135771543E-4	0.9973574199748568	0.001031978061280898	2.5266013080437036E-4	7.709584523137383E-5	6.697369900437115E-4	1.3613145648265764E-4	1.9947581444404718E-4	6.40769406004653E-5	7.359455489787564E-5
35	a	1.0346390258492269E-4	6.638937143819128E-4	7.746666065228751E-4	1.8966233244426656E-4	5.787291323642275E-5	5.027460377365389E-4	1.0218869701894976E-4	0.99750216105045	4.810011762238333E-5	5.5244628001622474E-5
36	kinesis	1.0346390258492269E-4	6.638937143819128E-4	7.746666065228751E-4	1.8966233244426656E-4	5.787291323642275E-5	5.027460377365389E-4	1.0218869701894976E-4	0.99750216105045	4.810011762238333E-5	5.5244628001622474E-5
37	hadoop	1.0346390258492269E-4	0.9980163158720624	7.746666065228751E-4	1.8966233244426656E-4	5.787291323642275E-5	5.027460377365389E-4	1.0218869701894976E-4	1.4973889276963557E-4	4.810011762238333E-5	5.5244628001622474E-5
38	hadoop	1.0346390258492269E-4	6.638937143819128E-4	0.9981270887642034	1.8966233244426656E-4	5.787291323642275E-5	5.027460377365389E-4	1.0218869701894976E-4	1.4973889276963557E-4	4.810011762238333E-5	5.5244628001622474E-5
39	hadoop	9.199497605995584E-5	5.903013982175015E-4	0.9983347001225078	1.686383491900904E-4	5.145772713661834E-5	4.470168682053017E-4	9.086112645074637E-5	1.3314040463803574E-4	4.2768241469726316E-5	4.912078612421328E-5
40	hadoop	1.0346390258492269E-4	6.638937143819128E-4	0.9981270887642034	1.8966233244426656E-4	5.787291323642275E-5	5.027460377365389E-4	1.0218869701894976E-4	1.4973889276963557E-4	4.810011762238333E-5	5.5244628001622474E-5
41	standalone	6.903686187855277E-5	4.429867568952742E-4	0.9987502896076209	1.2655324148218503E-4	3.8616021798839546E-5	3.3546007738031097E-4	6.818597390385479E-5	9.991410530353598E-5	3.209506981348418E-5	3.68622839231257E-5
42	wikipedia	9.199497605995584E-5	5.903013982175015E-4	6.887951656668353E-4	0.997814543306031	5.145772713661834E-5	4.470168682053017E-4	9.086112645074637E-5	1.3314040463803574E-4	4.2768241469726316E-5	4.912078612421328E-5
43	enumerate	9.199497605995584E-5	5.903013982175015E-4	6.887951656668353E-4	1.686383491900904E-4	5.145772713661834E-5	0.9980929218250462	9.086112645074637E-5	1.3314040463803574E-4	4.2768241469726316E-5	4.912078612421328E-5
44	file	9.199497605995584E-5	5.903013982175015E-4	6.887951656668353E-4	1.686383491900904E-4	5.145772713661834E-5	0.9980929218250462	9.086112645074637E-5	1.3314040463803574E-4	4.2768241469726316E-5	4.912078612421328E-5
45	kryo	1.1819975394712336E-4	0.9977337895635766	8.849985356670691E-4	2.1667499937525744E-4	6.611546572132908E-5	5.743496666344553E-4	1.1674292716634072E-4	1.7106546186152483E-4	5.495077921622793E-5	6.311284683401948E-5
46	configuration	1.3783023135771543E-4	8.844111034289039E-4	0.001031978061280898	2.5266013080437036E-4	7.709584523137383E-5	6.697369900437115E-4	1.3613145648265764E-4	0.996672484685872	6.40769406004653E-5	7.359455489787564E-5
47	configuration	1.0346390258492269E-4	0.9980163158720624	7.746666065228751E-4	1.8966233244426656E-4	5.787291323642275E-5	5.027460377365389E-4	1.0218869701894976E-4	1.4973889276963557E-4	4.810011762238333E-5	5.5244628001622474E-5
48	filesystem	9.199497605995584E-5	5.903013982175015E-4	0.9983347001225078	1.686383491900904E-4	5.145772713661834E-5	4.470168682053017E-4	9.086112645074637E-5	1.3314040463803574E-4	4.2768241469726316E-5	4.912078612421328E-5
49	global	1.0346390258492269E-4	6.638937143819128E-4	0.9981270887642034	1.8966233244426656E-4	5.787291323642275E-5	5.027460377365389E-4	1.0218869701894976E-4	1.4973889276963557E-4	4.810011762238333E-5	5.5244628001622474E-5
50	structured	1.1819975394712336E-4	0.9977337895635766	8.849985356670691E-4	2.1667499937525744E-4	6.611546572132908E-5	5.743496666344553E-4	1.1674292716634072E-4	1.7106546186152483E-4	5.495077921622793E-5	6.311284683401948E-5
51	init	9.199497605995584E-5	5.903013982175015E-4	0.9983347001225078	1.686383491900904E-4	5.145772713661834E-5	4.470168682053017E-4	9.086112645074637E-5	1.3314040463803574E-4	4.2768241469726316E-5	4.912078612421328E-5
52	limited	9.199497605995584E-5	5.903013982175015E-4	0.9983347001225078	1.686383491900904E-4	5.145772713661834E-5	4.470168682053017E-4	9.086112645074637E-5	1.3314040463803574E-4	4.2768241469726316E-5	4.912078612421328E-5
53	limited	7.530084684001692E-5	4.8318068094995115E-4	0.998636898487413	1.3803591291159452E-4	4.211980475243073E-5	3.658976845180518E-4	7.437275446563497E-5	1.0897970353655658E-4	3.5007181244656624E-5	4.020694336818971E-5
54	limited	8.281497388591268E-5	5.313963541480766E-4	0.9985008772025024	1.5181025184721878E-4	4.63228592642944E-5	4.0240991250280563E-4	8.179426895398207E-5	1.1985457908128368E-4	3.8500480701831626E-5	4.4219117112232636E-5
55	local	9.199497605995584E-5	5.903013982175015E-4	0.9983347001225078	1.686383491900904E-4	5.145772713661834E-5	4.470168682053017E-4	9.086112645074637E-5	1.3314040463803574E-4	4.2768241469726316E-5	4.912078612421328E-5
56	local	9.199497605995584E-5	5.903013982175015E-4	0.9983347001225078	1.686383491900904E-4	5.145772713661834E-5	4.470168682053017E-4	9.086112645074637E-5	1.3314040463803574E-4	4.2768241469726316E-5	4.912078612421328E-5
57	ref	9.199497605995584E-5	5.903013982175015E-4	0.9983347001225078	1.686383491900904E-4	5.145772713661834E-5	4.470168682053017E-4	9.086112645074637E-5	1.3314040463803574E-4	4.2768241469726316E-5	4.912078612421328E-5
58	safety	8.281497388591268E-5	5.313963541480766E-4	0.9985008772025024	1.5181025184721878E-4	4.63228592642944E-5	4.0240991250280563E-4	8.179426895398207E-5	1.1985457908128368E-4	3.8500480701831626E-5	4.4219117112232636E-5
59	byte	9.199497605995584E-5	5.903013982175015E-4	6.887951656668353E-4	1.686383491900904E-4	5.145772713661834E-5	4.470168682053017E-4	9.086112645074637E-5	0.9977790453614789	4.2768241469726316E-5	4.912078612421328E-5
60	byte	9.199497605995584E-5	5.903013982175015E-4	6.887951656668353E-4	1.686383491900904E-4	5.145772713661834E-5	4.470168682053017E-4	9.086112645074637E-5	0.9977790453614789	4.2768241469726316E-5	4.912078612421328E-5
61	directory	8.281497388591268E-5	5.313963541480766E-4	0.9985008772025024	1.5181025184721878E-4	4.63228592642944E-5	4.0240991250280563E-4	8.179426895398207E-5	1.1985457908128368E-4	3.8500480701831626E-5	4.4219117112232636E-5
62	file	1.1819975394712336E-4	7.584488089705913E-4	8.849985356670691E-4	2.1667499937525744E-4	6.611546572132908E-5	0.9975496904212405	1.1674292716634072E-4	1.7106546186152483E-4	5.495077921622793E-5	6.311284683401948E-5
63	file	8.281497388591268E-5	5.313963541480766E-4	6.200616174981724E-4	1.5181025184721878E-4	4.63228592642944E-5	0.9982832254975069	8.179426895398207E-5	1.1985457908128368E-4	3.8500480701831626E-5	4.4219117112232636E-5
64	test	1.0346390258492269E-4	6.638937143819128E-4	0.9981270887642034	1.8966233244426656E-4	5.787291323642275E-5	5.027460377365389E-4	1.0218869701894976E-4	1.4973889276963557E-4	4.810011762238333E-5	5.5244628001622474E-5
65	s	4.145140853242711E-5	2.659800074172479E-4	3.1035966342997823E-4	7.59856397153335E-5	2.3185997334245638E-5	2.014183775947491E-4	0.9989802243806795	5.999085538352736E-5	1.927065939144033E-5	2.2133010521593467E-5
66	s	1.3783023135771543E-4	8.844111034289039E-4	0.001031978061280898	2.5266013080437036E-4	7.709584523137383E-5	6.697369900437115E-4	0.9966091403279105	1.9947581444404718E-4	6.40769406004653E-5	7.359455489787564E-5
67	s	1.0346390258492269E-4	6.638937143819128E-4	0.7487889832247832	1.8966233244426656E-4	5.787291323642275E-5	5.027460377365389E-4	0.24944029423643907	1.4973889276963557E-4	4.810011762238333E-5	5.5244628001622474E-5
68	stream	2.0638139436306272E-4	0.0013242812909608794	0.001545242064395038	3.783230252296957E-4	1.1544018958478764E-4	0.0010028369864881932	0.9949226643507616	2.986869884867644E-4	9.59462101846273E-5	1.1019749954517014E-4
69	stream	5.9189390842682456E-5	3.797987854391796E-4	4.4316948617535294E-4	1.0850158985607778E-4	3.3107802771538345E-5	2.876097941286662E-4	0.9985438396464481	8.566228053516352E-5	2.7517004388979303E-5	3.1604219414232095E-5
70	s	1.3783023135771543E-4	8.844111034289039E-4	0.001031978061280898	2.5266013080437036E-4	7.709584523137383E-5	6.697369900437115E-4	0.9966091403279105	1.9947581444404718E-4	6.40769406004653E-5	7.359455489787564E-5
71	s	4.875723634628294E-5	3.128590931930269E-4	3.6506068184318543E-4	8.937813998831293E-5	2.7272538906988674E-5	2.369184495429018E-4	0.9988004885080687	7.056426833510683E-5	2.266712104034158E-5	2.603396273523235E-5
72	s	1.0346390258492269E-4	6.638937143819128E-4	7.746666065228751E-4	1.8966233244426656E-4	5.787291323642275E-5	0.873186115425707	0.12477124146672901	1.4973889276963557E-4	4.810011762238333E-5	5.5244628001622474E-5
73	metric	5.524901020439815E-5	3.5451466341525014E-4	4.136666236193743E-4	1.0127837708424352E-4	3.090373641505491E-5	2.6846291581093405E-4	0.9986407797565199	7.995953572149955E-5	2.5685130977642732E-5	2.9500250231664896E-5
74	prometheus	1.3783023135771543E-4	8.844111034289039E-4	0.001031978061280898	2.5266013080437036E-4	7.709584523137383E-5	6.697369900437115E-4	0.6644514707041012	1.9947581444404718E-4	6.40769406004653E-5	0.3322312641787072
75	prometheus	1.0346390258492269E-4	6.638937143819128E-4	7.746666065228751E-4	1.8966233244426656E-4	5.787291323642275E-5	0.7485170626559969	1.0218869701894976E-4	1.4973889276963557E-4	4.810011762238333E-5	0.2493933501674217
76	prometheus	9.199497605995584E-5	5.903013982175015E-4	6.887951656668353E-4	1.686383491900904E-4	5.145772713661834E-5	4.470168682053017E-4	9.086112645074637E-5	1.3314040463803574E-4	4.2768241469726316E-5	0.9976950257429651
77	azure	1.0346390258492269E-4	0.9980163158720624	7.746666065228751E-4	1.8966233244426656E-4	5.787291323642275E-5	5.027460377365389E-4	1.0218869701894976E-4	1.4973889276963557E-4	4.810011762238333E-5	5.5244628001622474E-5
78	hadoop	9.199497605995584E-5	5.903013982175015E-4	0.9983347001225078	1.686383491900904E-4	5.145772713661834E-5	4.470168682053017E-4	9.086112645074637E-5	1.3314040463803574E-4	4.2768241469726316E-5	4.912078612421328E-5
79	hadoop	8.281497388591268E-5	5.313963541480766E-4	0.9985008772025024	1.5181025184721878E-4	4.63228592642944E-5	4.0240991250280563E-4	8.179426895398207E-5	1.1985457908128368E-4	3.8500480701831626E-5	4.4219117112232636E-5
80	limited	9.199497605995584E-5	5.903013982175015E-4	0.9983347001225078	1.686383491900904E-4	5.145772713661834E-5	4.470168682053017E-4	9.086112645074637E-5	1.3314040463803574E-4	4.2768241469726316E-5	4.912078612421328E-5
81	ref	7.530084684001692E-5	4.8318068094995115E-4	0.998636898487413	1.3803591291159452E-4	4.211980475243073E-5	3.658976845180518E-4	7.437275446563497E-5	1.0897970353655658E-4	3.5007181244656624E-5	4.020694336818971E-5
82	ref	8.281497388591268E-5	5.313963541480766E-4	0.9985008772025024	1.5181025184721878E-4	4.63228592642944E-5	4.0240991250280563E-4	8.179426895398207E-5	1.1985457908128368E-4	3.8500480701831626E-5	4.4219117112232636E-5
83	recoverable	7.530084684001692E-5	4.8318068094995115E-4	5.638009975699029E-4	1.3803591291159452E-4	4.211980475243073E-5	0.998438995174361	7.437275446563497E-5	1.0897970353655658E-4	3.5007181244656624E-5	4.020694336818971E-5
84	avro	1.0346390258492269E-4	6.638937143819128E-4	7.746666065228751E-4	0.9975420844901247	5.787291323642275E-5	5.027460377365389E-4	1.0218869701894976E-4	1.4973889276963557E-4	4.810011762238333E-5	5.5244628001622474E-5
85	avro	1.1819975394712336E-4	0.9977337895635766	8.849985356670691E-4	2.1667499937525744E-4	6.611546572132908E-5	5.743496666344553E-4	1.1674292716634072E-4	1.7106546186152483E-4	5.495077921622793E-5	6.311284683401948E-5
86	avro	9.199497605995584E-5	5.903013982175015E-4	0.9983347001225078	1.686383491900904E-4	5.145772713661834E-5	4.470168682053017E-4	9.086112645074637E-5	1.3314040463803574E-4	4.2768241469726316E-5	4.912078612421328E-5
87	compression	1.3783023135771543E-4	8.844111034289039E-4	0.001031978061280898	0.9967256690022323	7.709584523137383E-5	6.697369900437115E-4	1.3613145648265764E-4	1.9947581444404718E-4	6.40769406004653E-5	7.359455489787564E-5
88	csv	1.1819975394712336E-4	0.9977337895635766	8.849985356670691E-4	2.1667499937525744E-4	6.611546572132908E-5	5.743496666344553E-4	1.1674292716634072E-4	1.7106546186152483E-4	5.495077921622793E-5	6.311284683401948E-5
89	csv	1.0346390258492269E-4	0.9980163158720624	7.746666065228751E-4	1.8966233244426656E-4	5.787291323642275E-5	5.027460377365389E-4	1.0218869701894976E-4	1.4973889276963557E-4	4.810011762238333E-5	5.5244628001622474E-5
90	hadoop	7.530084684001692E-5	4.8318068094995115E-4	5.638009975699029E-4	0.9982111334027546	4.211980475243073E-5	3.658976845180518E-4	7.437275446563497E-5	1.0897970353655658E-4	3.5007181244656624E-5	4.020694336818971E-5
91	canal	1.0346390258492269E-4	0.9980163158720624	7.746666065228751E-4	1.8966233244426656E-4	5.787291323642275E-5	5.027460377365389E-4	1.0218869701894976E-4	1.4973889276963557E-4	4.810011762238333E-5	5.5244628001622474E-5
92	canal	1.0346390258492269E-4	0.9980163158720624	7.746666065228751E-4	1.8966233244426656E-4	5.787291323642275E-5	5.027460377365389E-4	1.0218869701894976E-4	1.4973889276963557E-4	4.810011762238333E-5	5.5244628001622474E-5
93	debezium	1.0346390258492269E-4	0.9980163158720624	7.746666065228751E-4	1.8966233244426656E-4	5.787291323642275E-5	5.027460377365389E-4	1.0218869701894976E-4	1.4973889276963557E-4	4.810011762238333E-5	5.5244628001622474E-5
94	debezium	1.0346390258492269E-4	0.9980163158720624	7.746666065228751E-4	1.8966233244426656E-4	5.787291323642275E-5	5.027460377365389E-4	1.0218869701894976E-4	1.4973889276963557E-4	4.810011762238333E-5	5.5244628001622474E-5
95	json	1.1819975394712336E-4	0.9977337895635766	8.849985356670691E-4	2.1667499937525744E-4	6.611546572132908E-5	5.743496666344553E-4	1.1674292716634072E-4	1.7106546186152483E-4	5.495077921622793E-5	6.311284683401948E-5
96	json	1.0346390258492269E-4	0.9980163158720624	7.746666065228751E-4	1.8966233244426656E-4	5.787291323642275E-5	5.027460377365389E-4	1.0218869701894976E-4	1.4973889276963557E-4	4.810011762238333E-5	5.5244628001622474E-5
97	parquet	1.0346390258492269E-4	6.638937143819128E-4	7.746666065228751E-4	0.9975420844901247	5.787291323642275E-5	5.027460377365389E-4	1.0218869701894976E-4	1.4973889276963557E-4	4.810011762238333E-5	5.5244628001622474E-5
98	sequence	1.0346390258492269E-4	6.638937143819128E-4	7.746666065228751E-4	0.9975420844901247	5.787291323642275E-5	5.027460377365389E-4	1.0218869701894976E-4	1.4973889276963557E-4	4.810011762238333E-5	5.5244628001622474E-5
99	h	1.0346390258492269E-4	6.638937143819128E-4	0.9981270887642034	1.8966233244426656E-4	5.787291323642275E-5	5.027460377365389E-4	1.0218869701894976E-4	1.4973889276963557E-4	4.810011762238333E-5	5.5244628001622474E-5
100	h	1.1819975394712336E-4	0.9977337895635766	8.849985356670691E-4	2.1667499937525744E-4	6.611546572132908E-5	5.743496666344553E-4	1.1674292716634072E-4	1.7106546186152483E-4	5.495077921622793E-5	6.311284683401948E-5
101	text	9.199497605995584E-5	5.903013982175015E-4	6.887951656668353E-4	1.686383491900904E-4	5.145772713661834E-5	0.9980929218250462	9.086112645074637E-5	1.3314040463803574E-4	4.2768241469726316E-5	4.912078612421328E-5
102	random	1.0346390258492269E-4	6.638937143819128E-4	7.746666065228751E-4	0.9975420844901247	5.787291323642275E-5	5.027460377365389E-4	1.0218869701894976E-4	1.4973889276963557E-4	4.810011762238333E-5	5.5244628001622474E-5
103	abstract	1.0346390258492269E-4	6.638937143819128E-4	7.746666065228751E-4	1.8966233244426656E-4	5.787291323642275E-5	0.9978551681954169	1.0218869701894976E-4	1.4973889276963557E-4	4.810011762238333E-5	5.5244628001622474E-5
104	abstract	1.0346390258492269E-4	6.638937143819128E-4	7.746666065228751E-4	1.8966233244426656E-4	5.787291323642275E-5	5.027460377365389E-4	1.0218869701894976E-4	0.99750216105045	4.810011762238333E-5	5.5244628001622474E-5
105	option	1.1819975394712336E-4	0.9977337895635766	8.849985356670691E-4	2.1667499937525744E-4	6.611546572132908E-5	5.743496666344553E-4	1.1674292716634072E-4	1.7106546186152483E-4	5.495077921622793E-5	6.311284683401948E-5
106	require	1.0346390258492269E-4	0.9980163158720624	7.746666065228751E-4	1.8966233244426656E-4	5.787291323642275E-5	5.027460377365389E-4	1.0218869701894976E-4	1.4973889276963557E-4	4.810011762238333E-5	5.5244628001622474E-5
107	kubernete	0.12477251667229498	6.638937143819128E-4	0.8734580359944932	1.8966233244426656E-4	5.787291323642275E-5	5.027460377365389E-4	1.0218869701894976E-4	1.4973889276963557E-4	4.810011762238333E-5	5.5244628001622474E-5
108	kubernete	4.60516930611601E-5	2.954985149033482E-4	3.44803432859497E-4	8.44185392274182E-5	0.9988473245882522	2.2377182417369383E-4	4.54841001727528E-5	6.664865094843334E-5	2.1409320522522895E-5	2.458933587896026E-5
109	kubernete	7.530084684001692E-5	4.8318068094995115E-4	5.638009975699029E-4	1.3803591291159452E-4	4.211980475243073E-5	3.658976845180518E-4	7.437275446563497E-5	1.0897970353655658E-4	3.5007181244656624E-5	0.9981133044332111
110	kubernete	1.0346390258492269E-4	6.638937143819128E-4	7.746666065228751E-4	1.8966233244426656E-4	5.787291323642275E-5	0.9978551681954169	1.0218869701894976E-4	1.4973889276963557E-4	4.810011762238333E-5	5.5244628001622474E-5
111	kubernete	1.0346390258492269E-4	0.9980163158720624	7.746666065228751E-4	1.8966233244426656E-4	5.787291323642275E-5	5.027460377365389E-4	1.0218869701894976E-4	1.4973889276963557E-4	4.810011762238333E-5	5.5244628001622474E-5
112	n	9.199497605995584E-5	5.903013982175015E-4	6.887951656668353E-4	1.686383491900904E-4	5.145772713661834E-5	4.470168682053017E-4	9.086112645074637E-5	0.9977790453614789	4.2768241469726316E-5	4.912078612421328E-5
113	c	9.199497605995584E-5	5.903013982175015E-4	0.9983347001225078	1.686383491900904E-4	5.145772713661834E-5	4.470168682053017E-4	9.086112645074637E-5	1.3314040463803574E-4	4.2768241469726316E-5	4.912078612421328E-5
114	echo	1.3783023135771543E-4	0.9973574199748568	0.001031978061280898	2.5266013080437036E-4	7.709584523137383E-5	6.697369900437115E-4	1.3613145648265764E-4	1.9947581444404718E-4	6.40769406004653E-5	7.359455489787564E-5
115	driver	1.1819975394712336E-4	0.9977337895635766	8.849985356670691E-4	2.1667499937525744E-4	6.611546572132908E-5	5.743496666344553E-4	1.1674292716634072E-4	1.7106546186152483E-4	5.495077921622793E-5	6.311284683401948E-5
116	choice	1.0346390258492269E-4	0.9980163158720624	7.746666065228751E-4	1.8966233244426656E-4	5.787291323642275E-5	5.027460377365389E-4	1.0218869701894976E-4	1.4973889276963557E-4	4.810011762238333E-5	5.5244628001622474E-5
117	double	1.0346390258492269E-4	0.9980163158720624	7.746666065228751E-4	1.8966233244426656E-4	5.787291323642275E-5	5.027460377365389E-4	1.0218869701894976E-4	1.4973889276963557E-4	4.810011762238333E-5	5.5244628001622474E-5
118	long	1.0346390258492269E-4	0.9980163158720624	7.746666065228751E-4	1.8966233244426656E-4	5.787291323642275E-5	5.027460377365389E-4	1.0218869701894976E-4	1.4973889276963557E-4	4.810011762238333E-5	5.5244628001622474E-5
119	string	1.0346390258492269E-4	6.638937143819128E-4	7.746666065228751E-4	1.8966233244426656E-4	5.787291323642275E-5	5.027460377365389E-4	1.0218869701894976E-4	0.99750216105045	4.810011762238333E-5	5.5244628001622474E-5
120	runner	1.6527968962944727E-4	0.9968311392785586	0.0012375007427088503	3.0297843651369793E-4	9.244980035251229E-5	8.031178701318233E-4	1.6324259674108698E-4	2.3920224449400365E-4	7.683812724193468E-5	8.825121362794047E-5
121	euclidean	1.0346390258492269E-4	6.638937143819128E-4	0.9981270887642034	1.8966233244426656E-4	5.787291323642275E-5	5.027460377365389E-4	1.0218869701894976E-4	1.4973889276963557E-4	4.810011762238333E-5	5.5244628001622474E-5
122	incremental	1.1819975394712336E-4	7.584488089705913E-4	0.9978603392902731	2.1667499937525744E-4	6.611546572132908E-5	5.743496666344553E-4	1.1674292716634072E-4	1.7106546186152483E-4	5.495077921622793E-5	6.311284683401948E-5
123	music	1.1819975394712336E-4	7.584488089705913E-4	0.9978603392902731	2.1667499937525744E-4	6.611546572132908E-5	5.743496666344553E-4	1.1674292716634072E-4	1.7106546186152483E-4	5.495077921622793E-5	6.311284683401948E-5
124	single	9.199497605995584E-5	5.903013982175015E-4	0.9983347001225078	1.686383491900904E-4	5.145772713661834E-5	4.470168682053017E-4	9.086112645074637E-5	1.3314040463803574E-4	4.2768241469726316E-5	4.912078612421328E-5
125	key	9.199497605995584E-5	5.903013982175015E-4	0.9983347001225078	1.686383491900904E-4	5.145772713661834E-5	4.470168682053017E-4	9.086112645074637E-5	1.3314040463803574E-4	4.2768241469726316E-5	4.912078612421328E-5
126	savepoint	9.199497605995584E-5	5.903013982175015E-4	6.887951656668353E-4	1.686383491900904E-4	5.145772713661834E-5	0.9980929218250462	9.086112645074637E-5	1.3314040463803574E-4	4.2768241469726316E-5	4.912078612421328E-5
127	snapshot	1.1819975394712336E-4	7.584488089705913E-4	0.9978603392902731	2.1667499937525744E-4	6.611546572132908E-5	5.743496666344553E-4	1.1674292716634072E-4	1.7106546186152483E-4	5.495077921622793E-5	6.311284683401948E-5
128	influxdb	4.145140853242711E-5	2.659800074172479E-4	3.1035966342997823E-4	7.59856397153335E-5	2.3185997334245638E-5	2.014183775947491E-4	4.094051472736711E-5	5.999085538352736E-5	0.9989585545253435	2.2133010521593467E-5
129	prometheus	1.3783023135771543E-4	0.9973574199748568	0.001031978061280898	2.5266013080437036E-4	7.709584523137383E-5	6.697369900437115E-4	1.3613145648265764E-4	1.9947581444404718E-4	6.40769406004653E-5	7.359455489787564E-5
130	slf4j	0.9986414607074948	3.5451466341525014E-4	4.136666236193743E-4	1.0127837708424352E-4	3.090373641505491E-5	2.6846291581093405E-4	5.456805922954666E-5	7.995953572149955E-5	2.5685130977642732E-5	2.9500250231664896E-5
131	pipeline	1.6527968962944727E-4	0.9968311392785586	0.0012375007427088503	3.0297843651369793E-4	9.244980035251229E-5	8.031178701318233E-4	1.6324259674108698E-4	2.3920224449400365E-4	7.683812724193468E-5	8.825121362794047E-5
132	param	1.6527968962944727E-4	0.9968311392785586	0.0012375007427088503	3.0297843651369793E-4	9.244980035251229E-5	8.031178701318233E-4	1.6324259674108698E-4	2.3920224449400365E-4	7.683812724193468E-5	8.825121362794047E-5
133	b	1.3783023135771543E-4	8.844111034289039E-4	0.001031978061280898	2.5266013080437036E-4	7.709584523137383E-5	6.697369900437115E-4	1.3613145648265764E-4	0.996672484685872	6.40769406004653E-5	7.359455489787564E-5
134	datum	1.0346390258492269E-4	6.638937143819128E-4	7.746666065228751E-4	1.8966233244426656E-4	5.787291323642275E-5	5.027460377365389E-4	1.0218869701894976E-4	0.99750216105045	4.810011762238333E-5	5.5244628001622474E-5
135	datum	1.0346390258492269E-4	6.638937143819128E-4	7.746666065228751E-4	1.8966233244426656E-4	5.787291323642275E-5	5.027460377365389E-4	1.0218869701894976E-4	0.99750216105045	4.810011762238333E-5	5.5244628001622474E-5
136	table	1.3783023135771543E-4	0.9973574199748568	0.001031978061280898	2.5266013080437036E-4	7.709584523137383E-5	6.697369900437115E-4	1.3613145648265764E-4	1.9947581444404718E-4	6.40769406004653E-5	7.359455489787564E-5
137	job	1.0346390258492269E-4	6.638937143819128E-4	7.746666065228751E-4	1.8966233244426656E-4	5.787291323642275E-5	0.9978551681954169	1.0218869701894976E-4	1.4973889276963557E-4	4.810011762238333E-5	5.5244628001622474E-5
138	non	8.281497388591268E-5	5.313963541480766E-4	0.9985008772025024	1.5181025184721878E-4	4.63228592642944E-5	4.0240991250280563E-4	8.179426895398207E-5	1.1985457908128368E-4	3.8500480701831626E-5	4.4219117112232636E-5
139	non	7.530084684001692E-5	4.8318068094995115E-4	0.998636898487413	1.3803591291159452E-4	4.211980475243073E-5	3.658976845180518E-4	7.437275446563497E-5	1.0897970353655658E-4	3.5007181244656624E-5	4.020694336818971E-5
140	abstract	1.1819975394712336E-4	0.9977337895635766	8.849985356670691E-4	2.1667499937525744E-4	6.611546572132908E-5	5.743496666344553E-4	1.1674292716634072E-4	1.7106546186152483E-4	5.495077921622793E-5	6.311284683401948E-5
141	k	6.903686187855277E-5	4.429867568952742E-4	0.9987502896076209	1.2655324148218503E-4	3.8616021798839546E-5	3.3546007738031097E-4	6.818597390385479E-5	9.991410530353598E-5	3.209506981348418E-5	3.68622839231257E-5
142	blob	9.199497605995584E-5	5.903013982175015E-4	0.9983347001225078	1.686383491900904E-4	5.145772713661834E-5	4.470168682053017E-4	9.086112645074637E-5	1.3314040463803574E-4	4.2768241469726316E-5	4.912078612421328E-5
143	blob	9.199497605995584E-5	5.903013982175015E-4	6.887951656668353E-4	1.686383491900904E-4	5.145772713661834E-5	0.9980929218250462	9.086112645074637E-5	1.3314040463803574E-4	4.2768241469726316E-5	4.912078612421328E-5
144	blob	1.0346390258492269E-4	0.9980163158720624	7.746666065228751E-4	1.8966233244426656E-4	5.787291323642275E-5	5.027460377365389E-4	1.0218869701894976E-4	1.4973889276963557E-4	4.810011762238333E-5	5.5244628001622474E-5
145	blob	9.199497605995584E-5	5.903013982175015E-4	0.9983347001225078	1.686383491900904E-4	5.145772713661834E-5	4.470168682053017E-4	9.086112645074637E-5	1.3314040463803574E-4	4.2768241469726316E-5	4.912078612421328E-5
146	blob	1.0346390258492269E-4	6.638937143819128E-4	0.9981270887642034	1.8966233244426656E-4	5.787291323642275E-5	5.027460377365389E-4	1.0218869701894976E-4	1.4973889276963557E-4	4.810011762238333E-5	5.5244628001622474E-5
147	blob	1.1819975394712336E-4	0.9977337895635766	8.849985356670691E-4	2.1667499937525744E-4	6.611546572132908E-5	5.743496666344553E-4	1.1674292716634072E-4	1.7106546186152483E-4	5.495077921622793E-5	6.311284683401948E-5
148	blob	9.199497605995584E-5	5.903013982175015E-4	6.887951656668353E-4	1.686383491900904E-4	5.145772713661834E-5	0.9980929218250462	9.086112645074637E-5	1.3314040463803574E-4	4.2768241469726316E-5	4.912078612421328E-5
149	blob	1.0346390258492269E-4	0.9980163158720624	7.746666065228751E-4	1.8966233244426656E-4	5.787291323642275E-5	5.027460377365389E-4	1.0218869701894976E-4	1.4973889276963557E-4	4.810011762238333E-5	5.5244628001622474E-5
150	blob	9.199497605995584E-5	5.903013982175015E-4	0.22238788515607597	1.686383491900904E-4	5.145772713661834E-5	0.7763938318346372	9.086112645074637E-5	1.3314040463803574E-4	4.2768241469726316E-5	4.912078612421328E-5
151	blob	9.199497605995584E-5	5.903013982175015E-4	0.9983347001225078	1.686383491900904E-4	5.145772713661834E-5	4.470168682053017E-4	9.086112645074637E-5	1.3314040463803574E-4	4.2768241469726316E-5	4.912078612421328E-5
152	blob	9.199497605995584E-5	5.903013982175015E-4	6.887951656668353E-4	1.686383491900904E-4	5.145772713661834E-5	0.9980929218250462	9.086112645074637E-5	1.3314040463803574E-4	4.2768241469726316E-5	4.912078612421328E-5
153	blob	9.199497605995584E-5	5.903013982175015E-4	0.9983347001225078	1.686383491900904E-4	5.145772713661834E-5	4.470168682053017E-4	9.086112645074637E-5	1.3314040463803574E-4	4.2768241469726316E-5	4.912078612421328E-5
154	blob	9.199497605995584E-5	5.903013982175015E-4	6.887951656668353E-4	1.686383491900904E-4	5.145772713661834E-5	0.9980929218250462	9.086112645074637E-5	1.3314040463803574E-4	4.2768241469726316E-5	4.912078612421328E-5
155	blob	1.0346390258492269E-4	0.9980163158720624	7.746666065228751E-4	1.8966233244426656E-4	5.787291323642275E-5	5.027460377365389E-4	1.0218869701894976E-4	1.4973889276963557E-4	4.810011762238333E-5	5.5244628001622474E-5
156	blob	9.199497605995584E-5	5.903013982175015E-4	0.9983347001225078	1.686383491900904E-4	5.145772713661834E-5	4.470168682053017E-4	9.086112645074637E-5	1.3314040463803574E-4	4.2768241469726316E-5	4.912078612421328E-5
157	blob	1.0346390258492269E-4	6.638937143819128E-4	7.746666065228751E-4	1.8966233244426656E-4	5.787291323642275E-5	0.9978551681954169	1.0218869701894976E-4	1.4973889276963557E-4	4.810011762238333E-5	5.5244628001622474E-5
158	blob	1.1819975394712336E-4	0.9977337895635766	8.849985356670691E-4	2.1667499937525744E-4	6.611546572132908E-5	5.743496666344553E-4	1.1674292716634072E-4	1.7106546186152483E-4	5.495077921622793E-5	6.311284683401948E-5
159	blob	9.199497605995584E-5	5.903013982175015E-4	6.887951656668353E-4	1.686383491900904E-4	5.145772713661834E-5	0.9980929218250462	9.086112645074637E-5	1.3314040463803574E-4	4.2768241469726316E-5	4.912078612421328E-5
160	blob	1.0346390258492269E-4	0.9980163158720624	7.746666065228751E-4	1.8966233244426656E-4	5.787291323642275E-5	5.027460377365389E-4	1.0218869701894976E-4	1.4973889276963557E-4	4.810011762238333E-5	5.5244628001622474E-5
161	blob	9.199497605995584E-5	5.903013982175015E-4	0.9983347001225078	1.686383491900904E-4	5.145772713661834E-5	4.470168682053017E-4	9.086112645074637E-5	1.3314040463803574E-4	4.2768241469726316E-5	4.912078612421328E-5
162	blob	9.199497605995584E-5	5.903013982175015E-4	6.887951656668353E-4	1.686383491900904E-4	5.145772713661834E-5	0.9980929218250462	9.086112645074637E-5	1.3314040463803574E-4	4.2768241469726316E-5	4.912078612421328E-5
163	blob	9.199497605995584E-5	5.903013982175015E-4	0.9983347001225078	1.686383491900904E-4	5.145772713661834E-5	4.470168682053017E-4	9.086112645074637E-5	1.3314040463803574E-4	4.2768241469726316E-5	4.912078612421328E-5
164	blob	1.0346390258492269E-4	6.638937143819128E-4	0.9981270887642034	1.8966233244426656E-4	5.787291323642275E-5	5.027460377365389E-4	1.0218869701894976E-4	1.4973889276963557E-4	4.810011762238333E-5	5.5244628001622474E-5
165	channel	8.281497388591268E-5	5.313963541480766E-4	6.200616174981724E-4	1.5181025184721878E-4	4.63228592642944E-5	0.9982832254975069	8.179426895398207E-5	1.1985457908128368E-4	3.8500480701831626E-5	4.4219117112232636E-5
166	checkpoint	9.199497605995584E-5	5.903013982175015E-4	6.887951656668353E-4	1.686383491900904E-4	5.145772713661834E-5	0.9980929218250462	9.086112645074637E-5	1.3314040463803574E-4	4.2768241469726316E-5	4.912078612421328E-5
167	checkpoint	1.0346390258492269E-4	6.638937143819128E-4	7.746666065228751E-4	1.8966233244426656E-4	5.787291323642275E-5	0.9978551681954169	1.0218869701894976E-4	1.4973889276963557E-4	4.810011762238333E-5	5.5244628001622474E-5
168	complete	1.0346390258492269E-4	6.638937143819128E-4	0.9981270887642034	1.8966233244426656E-4	5.787291323642275E-5	5.027460377365389E-4	1.0218869701894976E-4	1.4973889276963557E-4	4.810011762238333E-5	5.5244628001622474E-5
169	metadata	9.199497605995584E-5	5.903013982175015E-4	0.9983347001225078	1.686383491900904E-4	5.145772713661834E-5	4.470168682053017E-4	9.086112645074637E-5	1.3314040463803574E-4	4.2768241469726316E-5	4.912078612421328E-5
170	pend	1.0346390258492269E-4	6.638937143819128E-4	7.746666065228751E-4	1.8966233244426656E-4	5.787291323642275E-5	0.9978551681954169	1.0218869701894976E-4	1.4973889276963557E-4	4.810011762238333E-5	5.5244628001622474E-5
171	z	0.9986414607074948	3.5451466341525014E-4	4.136666236193743E-4	1.0127837708424352E-4	3.090373641505491E-5	2.6846291581093405E-4	5.456805922954666E-5	7.995953572149955E-5	2.5685130977642732E-5	2.9500250231664896E-5
172	bootstrap	1.0346390258492269E-4	6.638937143819128E-4	7.746666065228751E-4	1.8966233244426656E-4	5.787291323642275E-5	0.9978551681954169	1.0218869701894976E-4	1.4973889276963557E-4	4.810011762238333E-5	5.5244628001622474E-5
173	flink	9.199497605995584E-5	5.903013982175015E-4	0.9983347001225078	1.686383491900904E-4	5.145772713661834E-5	4.470168682053017E-4	9.086112645074637E-5	1.3314040463803574E-4	4.2768241469726316E-5	4.912078612421328E-5
174	hadoop	9.199497605995584E-5	5.903013982175015E-4	0.9983347001225078	1.686383491900904E-4	5.145772713661834E-5	4.470168682053017E-4	9.086112645074637E-5	1.3314040463803574E-4	4.2768241469726316E-5	4.912078612421328E-5
175	keytab	1.0346390258492269E-4	6.638937143819128E-4	0.9981270887642034	1.8966233244426656E-4	5.787291323642275E-5	5.027460377365389E-4	1.0218869701894976E-4	1.4973889276963557E-4	4.810011762238333E-5	5.5244628001622474E-5
176	krb5	9.199497605995584E-5	5.903013982175015E-4	0.9983347001225078	1.686383491900904E-4	5.145772713661834E-5	4.470168682053017E-4	9.086112645074637E-5	1.3314040463803574E-4	4.2768241469726316E-5	4.912078612421328E-5
177	s	8.281497388591268E-5	5.313963541480766E-4	0.9985008772025024	1.5181025184721878E-4	4.63228592642944E-5	4.0240991250280563E-4	8.179426895398207E-5	1.1985457908128368E-4	3.8500480701831626E-5	4.4219117112232636E-5
178	user	9.199497605995584E-5	5.903013982175015E-4	0.9983347001225078	1.686383491900904E-4	5.145772713661834E-5	4.470168682053017E-4	9.086112645074637E-5	1.3314040463803574E-4	4.2768241469726316E-5	4.912078612421328E-5
179	dispatcher	9.199497605995584E-5	0.887386661359854	0.11153834016087139	1.686383491900904E-4	5.145772713661834E-5	4.470168682053017E-4	9.086112645074637E-5	1.3314040463803574E-4	4.2768241469726316E-5	4.912078612421328E-5
180	dispatcher	4.60516930611601E-5	2.954985149033482E-4	3.44803432859497E-4	8.44185392274182E-5	0.9988473245882522	2.2377182417369383E-4	4.54841001727528E-5	6.664865094843334E-5	2.1409320522522895E-5	2.458933587896026E-5
181	dispatcher	1.1819975394712336E-4	7.584488089705913E-4	0.9978603392902731	2.1667499937525744E-4	6.611546572132908E-5	5.743496666344553E-4	1.1674292716634072E-4	1.7106546186152483E-4	5.495077921622793E-5	6.311284683401948E-5
182	dispatcher	5.1800524252577173E-5	3.3238686724335216E-4	3.8784673046633695E-4	9.495686907340068E-5	0.9987034311519819	2.5170622478002026E-4	5.1162076299263385E-5	7.49686891048887E-5	2.4081938214199675E-5	2.765892858404194E-5
183	dispatcher	2.7469162778115375E-4	0.0017626055128508109	0.0020567021523164608	5.035442654516495E-4	1.536497690902592E-4	0.9943055759062045	2.713060190430224E-4	3.9754947541513675E-4	1.2770347218743768E-4	1.466717996595404E-4
184	mini	4.875723634628294E-5	3.128590931930269E-4	3.6506068184318543E-4	8.937813998831293E-5	0.9987796047496779	2.369184495429018E-4	4.815629729781428E-5	7.056426833510683E-5	2.266712104034158E-5	2.603396273523235E-5
185	abstract	6.903686187855277E-5	4.429867568952742E-4	0.9987502896076209	1.2655324148218503E-4	3.8616021798839546E-5	3.3546007738031097E-4	6.818597390385479E-5	9.991410530353598E-5	3.209506981348418E-5	3.68622839231257E-5
186	file	8.281497388591268E-5	5.313963541480766E-4	0.9985008772025024	1.5181025184721878E-4	4.63228592642944E-5	4.0240991250280563E-4	8.179426895398207E-5	1.1985457908128368E-4	3.8500480701831626E-5	4.4219117112232636E-5
187	blob	8.281497388591268E-5	5.313963541480766E-4	6.200616174981724E-4	1.5181025184721878E-4	4.63228592642944E-5	0.9982832254975069	8.179426895398207E-5	1.1985457908128368E-4	3.8500480701831626E-5	4.4219117112232636E-5
188	blob	9.199497605995584E-5	5.903013982175015E-4	6.887951656668353E-4	1.686383491900904E-4	5.145772713661834E-5	0.9980929218250462	9.086112645074637E-5	1.3314040463803574E-4	4.2768241469726316E-5	4.912078612421328E-5
189	flink	8.281497388591268E-5	0.9984122119391523	6.200616174981724E-4	1.5181025184721878E-4	4.63228592642944E-5	4.0240991250280563E-4	8.179426895398207E-5	1.1985457908128368E-4	3.8500480701831626E-5	4.4219117112232636E-5
190	file	9.199497605995584E-5	5.903013982175015E-4	6.887951656668353E-4	1.686383491900904E-4	5.145772713661834E-5	0.9980929218250462	9.086112645074637E-5	1.3314040463803574E-4	4.2768241469726316E-5	4.912078612421328E-5
191	file	8.281497388591268E-5	5.313963541480766E-4	0.7989247140855016	1.5181025184721878E-4	4.63228592642944E-5	4.0240991250280563E-4	8.179426895398207E-5	0.19969601769608208	3.8500480701831626E-5	4.4219117112232636E-5
192	file	8.281497388591268E-5	5.313963541480766E-4	6.200616174981724E-4	1.5181025184721878E-4	4.63228592642944E-5	0.9982832254975069	8.179426895398207E-5	1.1985457908128368E-4	3.8500480701831626E-5	4.4219117112232636E-5
193	asynchronous	9.199497605995584E-5	5.903013982175015E-4	6.887951656668353E-4	1.686383491900904E-4	5.145772713661834E-5	4.470168682053017E-4	9.086112645074637E-5	0.7760799553710699	0.22174185823187884	4.912078612421328E-5
194	i	9.199497605995584E-5	5.903013982175015E-4	6.887951656668353E-4	1.686383491900904E-4	5.145772713661834E-5	0.9980929218250462	9.086112645074637E-5	1.3314040463803574E-4	4.2768241469726316E-5	4.912078612421328E-5
195	span	9.199497605995584E-5	5.903013982175015E-4	0.9983347001225078	1.686383491900904E-4	5.145772713661834E-5	4.470168682053017E-4	9.086112645074637E-5	1.3314040463803574E-4	4.2768241469726316E-5	4.912078612421328E-5
196	span	1.1819975394712336E-4	7.584488089705913E-4	8.849985356670691E-4	2.1667499937525744E-4	6.611546572132908E-5	0.9975496904212405	1.1674292716634072E-4	1.7106546186152483E-4	5.495077921622793E-5	6.311284683401948E-5
197	record	1.0346390258492269E-4	6.638937143819128E-4	0.9981270887642034	1.8966233244426656E-4	5.787291323642275E-5	5.027460377365389E-4	1.0218869701894976E-4	1.4973889276963557E-4	4.810011762238333E-5	5.5244628001622474E-5
198	buffer	9.199497605995584E-5	0.9982362063550585	6.887951656668353E-4	1.686383491900904E-4	5.145772713661834E-5	4.470168682053017E-4	9.086112645074637E-5	1.3314040463803574E-4	4.2768241469726316E-5	4.912078612421328E-5
199	network	9.199497605995584E-5	0.9982362063550585	6.887951656668353E-4	1.686383491900904E-4	5.145772713661834E-5	4.470168682053017E-4	9.086112645074637E-5	1.3314040463803574E-4	4.2768241469726316E-5	4.912078612421328E-5
200	netty	9.199497605995584E-5	0.887386661359854	6.887951656668353E-4	1.686383491900904E-4	5.145772713661834E-5	4.470168682053017E-4	9.086112645074637E-5	1.3314040463803574E-4	4.2768241469726316E-5	0.11089866578132877
201	task	9.199497605995584E-5	0.9982362063550585	6.887951656668353E-4	1.686383491900904E-4	5.145772713661834E-5	4.470168682053017E-4	9.086112645074637E-5	1.3314040463803574E-4	4.2768241469726316E-5	4.912078612421328E-5
202	job	0.9989807352744845	2.659800074172479E-4	3.1035966342997823E-4	7.59856397153335E-5	2.3185997334245638E-5	2.014183775947491E-4	4.094051472736711E-5	5.999085538352736E-5	1.927065939144033E-5	2.2133010521593467E-5
203	zoo	0.9985445691631082	3.797987854391796E-4	4.4316948617535294E-4	1.0850158985607778E-4	3.3107802771538345E-5	2.876097941286662E-4	5.84598741826359E-5	8.566228053516352E-5	2.7517004388979303E-5	3.1604219414232095E-5
204	job	4.145140853242711E-5	2.659800074172479E-4	3.1035966342997823E-4	7.59856397153335E-5	0.9989624698632864	2.014183775947491E-4	4.094051472736711E-5	5.999085538352736E-5	1.927065939144033E-5	2.2133010521593467E-5
205	slot	4.60516930611601E-5	2.954985149033482E-4	3.44803432859497E-4	8.44185392274182E-5	2.5759183351230647E-5	2.2377182417369383E-4	0.9988670495050738	6.664865094843334E-5	2.1409320522522895E-5	2.458933587896026E-5
206	slot	4.3630625838935594E-5	2.7996332561729126E-4	3.266761451548311E-4	7.998041883084254E-5	2.440495052421795E-5	2.1200750905839917E-4	0.998926611903877	6.314474363274714E-5	2.0283772237070282E-5	2.329660522878077E-5
207	slot	3.947952605803793E-5	2.533270884035628E-4	2.955955624562769E-4	7.237093139624943E-5	2.2083017642762612E-5	1.9183671600927406E-4	0.9990287360656317	5.7137033992588324E-5	1.8353936006897734E-5	2.1080122402752842E-5
208	chain	1.0346390258492269E-4	6.638937143819128E-4	0.9981270887642034	1.8966233244426656E-4	5.787291323642275E-5	5.027460377365389E-4	1.0218869701894976E-4	1.4973889276963557E-4	4.810011762238333E-5	5.5244628001622474E-5
209	datum	9.199497605995584E-5	5.903013982175015E-4	0.9983347001225078	1.686383491900904E-4	5.145772713661834E-5	4.470168682053017E-4	9.086112645074637E-5	1.3314040463803574E-4	4.2768241469726316E-5	4.912078612421328E-5
210	datum	9.199497605995584E-5	5.903013982175015E-4	0.9983347001225078	1.686383491900904E-4	5.145772713661834E-5	4.470168682053017E-4	9.086112645074637E-5	1.3314040463803574E-4	4.2768241469726316E-5	4.912078612421328E-5
211	abstract	1.0346390258492269E-4	6.638937143819128E-4	7.746666065228751E-4	1.8966233244426656E-4	5.787291323642275E-5	0.9978551681954169	1.0218869701894976E-4	1.4973889276963557E-4	4.810011762238333E-5	5.5244628001622474E-5
212	job	7.530084684001692E-5	4.8318068094995115E-4	5.638009975699029E-4	1.3803591291159452E-4	4.211980475243073E-5	0.998438995174361	7.437275446563497E-5	1.0897970353655658E-4	3.5007181244656624E-5	4.020694336818971E-5
213	file	1.0346390258492269E-4	6.638937143819128E-4	7.746666065228751E-4	1.8966233244426656E-4	5.787291323642275E-5	0.9978551681954169	1.0218869701894976E-4	1.4973889276963557E-4	4.810011762238333E-5	5.5244628001622474E-5
214	back	8.281497388591268E-5	5.313963541480766E-4	6.200616174981724E-4	0.9980326258368514	4.63228592642944E-5	4.0240991250280563E-4	8.179426895398207E-5	1.1985457908128368E-4	3.8500480701831626E-5	4.4219117112232636E-5
215	back	7.530084684001692E-5	4.8318068094995115E-4	5.638009975699029E-4	0.9982111334027546	4.211980475243073E-5	3.658976845180518E-4	7.437275446563497E-5	1.0897970353655658E-4	3.5007181244656624E-5	4.020694336818971E-5
216	rest	8.281497388591268E-5	5.313963541480766E-4	0.9985008772025024	1.5181025184721878E-4	4.63228592642944E-5	4.0240991250280563E-4	8.179426895398207E-5	1.1985457908128368E-4	3.8500480701831626E-5	4.4219117112232636E-5
217	rest	1.0346390258492269E-4	6.638937143819128E-4	0.9981270887642034	1.8966233244426656E-4	5.787291323642275E-5	5.027460377365389E-4	1.0218869701894976E-4	1.4973889276963557E-4	4.810011762238333E-5	5.5244628001622474E-5
218	rest	9.199497605995584E-5	5.903013982175015E-4	0.9983347001225078	1.686383491900904E-4	5.145772713661834E-5	4.470168682053017E-4	9.086112645074637E-5	1.3314040463803574E-4	4.2768241469726316E-5	4.912078612421328E-5
219	supervisor	6.903686187855277E-5	4.429867568952742E-4	5.169005825249085E-4	1.2655324148218503E-4	3.8616021798839546E-5	3.3546007738031097E-4	0.9983015749989997	9.991410530353598E-5	3.209506981348418E-5	3.68622839231257E-5
220	jaas	1.1819975394712336E-4	7.584488089705913E-4	8.849985356670691E-4	2.1667499937525744E-4	6.611546572132908E-5	0.9975496904212405	1.1674292716634072E-4	1.7106546186152483E-4	5.495077921622793E-5	6.311284683401948E-5
221	file	9.199497605995584E-5	5.903013982175015E-4	0.9983347001225078	1.686383491900904E-4	5.145772713661834E-5	4.470168682053017E-4	9.086112645074637E-5	1.3314040463803574E-4	4.2768241469726316E-5	4.912078612421328E-5
222	abstract	8.281497388591268E-5	5.313963541480766E-4	6.200616174981724E-4	1.5181025184721878E-4	4.63228592642944E-5	0.9982832254975069	8.179426895398207E-5	1.1985457908128368E-4	3.8500480701831626E-5	4.4219117112232636E-5
223	checkpoint	9.199497605995584E-5	5.903013982175015E-4	0.9983347001225078	1.686383491900904E-4	5.145772713661834E-5	4.470168682053017E-4	9.086112645074637E-5	1.3314040463803574E-4	4.2768241469726316E-5	4.912078612421328E-5
224	file	9.199497605995584E-5	5.903013982175015E-4	0.9983347001225078	1.686383491900904E-4	5.145772713661834E-5	4.470168682053017E-4	9.086112645074637E-5	1.3314040463803574E-4	4.2768241469726316E-5	4.912078612421328E-5
225	f	7.530084684001692E-5	4.8318068094995115E-4	0.998636898487413	1.3803591291159452E-4	4.211980475243073E-5	3.658976845180518E-4	7.437275446563497E-5	1.0897970353655658E-4	3.5007181244656624E-5	4.020694336818971E-5
226	f	9.199497605995584E-5	5.903013982175015E-4	0.9983347001225078	1.686383491900904E-4	5.145772713661834E-5	4.470168682053017E-4	9.086112645074637E-5	1.3314040463803574E-4	4.2768241469726316E-5	4.912078612421328E-5
227	f	9.199497605995584E-5	5.903013982175015E-4	0.9983347001225078	1.686383491900904E-4	5.145772713661834E-5	4.470168682053017E-4	9.086112645074637E-5	1.3314040463803574E-4	4.2768241469726316E-5	4.912078612421328E-5
228	heap	7.530084684001692E-5	4.8318068094995115E-4	0.998636898487413	1.3803591291159452E-4	4.211980475243073E-5	3.658976845180518E-4	7.437275446563497E-5	1.0897970353655658E-4	3.5007181244656624E-5	4.020694336818971E-5
229	local	7.530084684001692E-5	4.8318068094995115E-4	5.638009975699029E-4	1.3803591291159452E-4	4.211980475243073E-5	0.998438995174361	7.437275446563497E-5	1.0897970353655658E-4	3.5007181244656624E-5	4.020694336818971E-5
230	state	1.0346390258492269E-4	6.638937143819128E-4	7.746666065228751E-4	1.8966233244426656E-4	5.787291323642275E-5	0.9978551681954169	1.0218869701894976E-4	1.4973889276963557E-4	4.810011762238333E-5	5.5244628001622474E-5
231	state	8.281497388591268E-5	5.313963541480766E-4	0.9985008772025024	1.5181025184721878E-4	4.63228592642944E-5	4.0240991250280563E-4	8.179426895398207E-5	1.1985457908128368E-4	3.8500480701831626E-5	4.4219117112232636E-5
232	state	9.199497605995584E-5	0.9982362063550585	6.887951656668353E-4	1.686383491900904E-4	5.145772713661834E-5	4.470168682053017E-4	9.086112645074637E-5	1.3314040463803574E-4	4.2768241469726316E-5	4.912078612421328E-5
233	default	5.524901020439815E-5	3.5451466341525014E-4	4.136666236193743E-4	1.0127837708424352E-4	0.9986171154337055	2.6846291581093405E-4	5.456805922954666E-5	7.995953572149955E-5	2.5685130977642732E-5	2.9500250231664896E-5
234	task	4.145140853242711E-5	2.659800074172479E-4	3.1035966342997823E-4	7.59856397153335E-5	0.9989624698632864	2.014183775947491E-4	4.094051472736711E-5	5.999085538352736E-5	1.927065939144033E-5	2.2133010521593467E-5
235	task	9.199497605995584E-5	5.903013982175015E-4	6.887951656668353E-4	1.686383491900904E-4	5.145772713661834E-5	0.9980929218250462	9.086112645074637E-5	1.3314040463803574E-4	4.2768241469726316E-5	4.912078612421328E-5
236	task	4.3630625838935594E-5	2.7996332561729126E-4	3.266761451548311E-4	7.998041883084254E-5	0.9989079239814936	2.1200750905839917E-4	4.309287290746246E-5	6.314474363274714E-5	2.0283772237070282E-5	2.329660522878077E-5
237	task	1.3783023135771543E-4	8.844111034289039E-4	0.001031978061280898	2.5266013080437036E-4	7.709584523137383E-5	6.697369900437115E-4	1.3613145648265764E-4	1.9947581444404718E-4	0.9965370858120285	7.359455489787564E-5
238	task	1.1819975394712336E-4	7.584488089705913E-4	8.849985356670691E-4	2.1667499937525744E-4	6.611546572132908E-5	0.9975496904212405	1.1674292716634072E-4	1.7106546186152483E-4	5.495077921622793E-5	6.311284683401948E-5
239	task	1.6527968962944727E-4	0.0010605452174000407	0.0012375007427088503	0.9960735724976723	9.244980035251229E-5	8.031178701318233E-4	1.6324259674108698E-4	2.3920224449400365E-4	7.683812724193468E-5	8.825121362794047E-5
240	task	8.281497388591268E-5	5.313963541480766E-4	0.9985008772025024	1.5181025184721878E-4	4.63228592642944E-5	4.0240991250280563E-4	8.179426895398207E-5	1.1985457908128368E-4	3.8500480701831626E-5	4.4219117112232636E-5
241	task	8.281497388591268E-5	5.313963541480766E-4	0.9985008772025024	1.5181025184721878E-4	4.63228592642944E-5	4.0240991250280563E-4	8.179426895398207E-5	1.1985457908128368E-4	3.8500480701831626E-5	4.4219117112232636E-5
242	task	1.1819975394712336E-4	7.584488089705913E-4	8.849985356670691E-4	0.9971920157539812	6.611546572132908E-5	5.743496666344553E-4	1.1674292716634072E-4	1.7106546186152483E-4	5.495077921622793E-5	6.311284683401948E-5
243	flink	2.3697291775552453E-5	1.5205769997657224E-4	0.22861025208394659	4.3440113106835134E-5	1.3255167035083342E-5	1.1514856145569169E-4	2.3405219684555642E-5	3.4296079535543324E-5	0.7709717945968546	1.2653186629141119E-5
244	jvm	8.281497388591268E-5	5.313963541480766E-4	6.200616174981724E-4	1.5181025184721878E-4	0.1996224859762651	0.798707062380506	8.179426895398207E-5	1.1985457908128368E-4	3.8500480701831626E-5	4.4219117112232636E-5
245	jar	9.199497605995584E-5	5.903013982175015E-4	6.887951656668353E-4	1.686383491900904E-4	5.145772713661834E-5	0.9980929218250462	9.086112645074637E-5	1.3314040463803574E-4	4.2768241469726316E-5	4.912078612421328E-5
246	jar	1.1819975394712336E-4	7.584488089705913E-4	0.9978603392902731	2.1667499937525744E-4	6.611546572132908E-5	5.743496666344553E-4	1.1674292716634072E-4	1.7106546186152483E-4	5.495077921622793E-5	6.311284683401948E-5
247	jar	8.281497388591268E-5	5.313963541480766E-4	6.200616174981724E-4	1.5181025184721878E-4	4.63228592642944E-5	4.0240991250280563E-4	8.179426895398207E-5	1.1985457908128368E-4	3.8500480701831626E-5	0.9979250347021164
248	jar	9.199497605995584E-5	5.903013982175015E-4	6.887951656668353E-4	1.686383491900904E-4	5.145772713661834E-5	0.9980929218250462	9.086112645074637E-5	1.3314040463803574E-4	4.2768241469726316E-5	4.912078612421328E-5
249	f	9.199497605995584E-5	5.903013982175015E-4	0.9983347001225078	1.686383491900904E-4	5.145772713661834E-5	4.470168682053017E-4	9.086112645074637E-5	1.3314040463803574E-4	4.2768241469726316E-5	4.912078612421328E-5
250	history	8.281497388591268E-5	5.313963541480766E-4	6.200616174981724E-4	1.5181025184721878E-4	4.63228592642944E-5	0.9982832254975069	8.179426895398207E-5	1.1985457908128368E-4	3.8500480701831626E-5	4.4219117112232636E-5
251	history	1.0346390258492269E-4	6.638937143819128E-4	7.746666065228751E-4	1.8966233244426656E-4	5.787291323642275E-5	0.9978551681954169	1.0218869701894976E-4	1.4973889276963557E-4	4.810011762238333E-5	5.5244628001622474E-5
252	scala	8.281497388591268E-5	5.313963541480766E-4	0.4995604694100002	1.5181025184721878E-4	4.63228592642944E-5	0.49934281770500494	8.179426895398207E-5	1.1985457908128368E-4	3.8500480701831626E-5	4.4219117112232636E-5
253	rock	8.281497388591268E-5	5.313963541480766E-4	6.200616174981724E-4	1.5181025184721878E-4	4.63228592642944E-5	0.9982832254975069	8.179426895398207E-5	1.1985457908128368E-4	3.8500480701831626E-5	4.4219117112232636E-5
254	rock	8.281497388591268E-5	5.313963541480766E-4	6.200616174981724E-4	0.9980326258368514	4.63228592642944E-5	4.0240991250280563E-4	8.179426895398207E-5	1.1985457908128368E-4	3.8500480701831626E-5	4.4219117112232636E-5
255	rock	1.0346390258492269E-4	6.638937143819128E-4	7.746666065228751E-4	1.8966233244426656E-4	5.787291323642275E-5	0.9978551681954169	1.0218869701894976E-4	1.4973889276963557E-4	4.810011762238333E-5	5.5244628001622474E-5
256	rock	1.0346390258492269E-4	6.638937143819128E-4	7.746666065228751E-4	0.9975420844901247	5.787291323642275E-5	5.027460377365389E-4	1.0218869701894976E-4	1.4973889276963557E-4	4.810011762238333E-5	5.5244628001622474E-5
257	rock	8.281497388591268E-5	5.313963541480766E-4	6.200616174981724E-4	1.5181025184721878E-4	4.63228592642944E-5	0.9982832254975069	8.179426895398207E-5	1.1985457908128368E-4	3.8500480701831626E-5	4.4219117112232636E-5
258	state	9.199497605995584E-5	5.903013982175015E-4	0.9983347001225078	1.686383491900904E-4	5.145772713661834E-5	4.470168682053017E-4	9.086112645074637E-5	1.3314040463803574E-4	4.2768241469726316E-5	4.912078612421328E-5
259	key	0.9984327955386995	4.08966428255678E-4	4.7720384798877115E-4	1.1683425372777697E-4	3.5650403229206074E-5	3.096975418184622E-4	6.294945338780589E-5	9.224093980761781E-5	2.9630244836732908E-5	3.4031348248524236E-5
260	rock	8.281497388591268E-5	5.313963541480766E-4	0.9985008772025024	1.5181025184721878E-4	4.63228592642944E-5	4.0240991250280563E-4	8.179426895398207E-5	1.1985457908128368E-4	3.8500480701831626E-5	4.4219117112232636E-5
261	rock	8.281497388591268E-5	5.313963541480766E-4	6.200616174981724E-4	1.5181025184721878E-4	4.63228592642944E-5	0.9982832254975069	8.179426895398207E-5	1.1985457908128368E-4	3.8500480701831626E-5	4.4219117112232636E-5
262	rock	9.199497605995584E-5	5.903013982175015E-4	0.9983347001225078	1.686383491900904E-4	5.145772713661834E-5	4.470168682053017E-4	9.086112645074637E-5	1.3314040463803574E-4	4.2768241469726316E-5	4.912078612421328E-5
263	rock	7.530084684001692E-5	4.8318068094995115E-4	5.638009975699029E-4	1.3803591291159452E-4	4.211980475243073E-5	0.998438995174361	7.437275446563497E-5	1.0897970353655658E-4	3.5007181244656624E-5	4.020694336818971E-5
264	rock	9.199497605995584E-5	5.903013982175015E-4	6.887951656668353E-4	1.686383491900904E-4	5.145772713661834E-5	0.9980929218250462	9.086112645074637E-5	1.3314040463803574E-4	4.2768241469726316E-5	4.912078612421328E-5
265	rock	0.9979636305588901	5.313963541480766E-4	6.200616174981724E-4	1.5181025184721878E-4	4.63228592642944E-5	4.0240991250280563E-4	8.179426895398207E-5	1.1985457908128368E-4	3.8500480701831626E-5	4.4219117112232636E-5
266	rock	0.997737899932901	5.903013982175015E-4	6.887951656668353E-4	1.686383491900904E-4	5.145772713661834E-5	4.470168682053017E-4	9.086112645074637E-5	1.3314040463803574E-4	4.2768241469726316E-5	4.912078612421328E-5
267	rock	7.530084684001692E-5	4.8318068094995115E-4	0.998636898487413	1.3803591291159452E-4	4.211980475243073E-5	3.658976845180518E-4	7.437275446563497E-5	1.0897970353655658E-4	3.5007181244656624E-5	4.020694336818971E-5
268	rock	7.530084684001692E-5	4.8318068094995115E-4	0.998636898487413	1.3803591291159452E-4	4.211980475243073E-5	3.658976845180518E-4	7.437275446563497E-5	1.0897970353655658E-4	3.5007181244656624E-5	4.020694336818971E-5
269	rock	8.281497388591268E-5	5.313963541480766E-4	0.9985008772025024	1.5181025184721878E-4	4.63228592642944E-5	4.0240991250280563E-4	8.179426895398207E-5	1.1985457908128368E-4	3.8500480701831626E-5	4.4219117112232636E-5
270	rock	8.281497388591268E-5	5.313963541480766E-4	0.9985008772025024	1.5181025184721878E-4	4.63228592642944E-5	4.0240991250280563E-4	8.179426895398207E-5	1.1985457908128368E-4	3.8500480701831626E-5	4.4219117112232636E-5
271	rock	8.281497388591268E-5	5.313963541480766E-4	0.9985008772025024	1.5181025184721878E-4	4.63228592642944E-5	4.0240991250280563E-4	8.179426895398207E-5	1.1985457908128368E-4	3.8500480701831626E-5	4.4219117112232636E-5
272	rock	7.530084684001692E-5	4.8318068094995115E-4	0.998636898487413	1.3803591291159452E-4	4.211980475243073E-5	3.658976845180518E-4	7.437275446563497E-5	1.0897970353655658E-4	3.5007181244656624E-5	4.020694336818971E-5
273	rock	8.281497388591268E-5	5.313963541480766E-4	0.9985008772025024	1.5181025184721878E-4	4.63228592642944E-5	4.0240991250280563E-4	8.179426895398207E-5	1.1985457908128368E-4	3.8500480701831626E-5	4.4219117112232636E-5
274	rock	8.281497388591268E-5	5.313963541480766E-4	6.200616174981724E-4	1.5181025184721878E-4	4.63228592642944E-5	0.9982832254975069	8.179426895398207E-5	1.1985457908128368E-4	3.8500480701831626E-5	4.4219117112232636E-5
275	rock	8.281497388591268E-5	5.313963541480766E-4	6.200616174981724E-4	1.5181025184721878E-4	4.63228592642944E-5	0.9982832254975069	8.179426895398207E-5	1.1985457908128368E-4	3.8500480701831626E-5	4.4219117112232636E-5
276	rock	6.373499519112487E-5	4.08966428255678E-4	0.998846264391497	1.1683425372777697E-4	3.5650403229206074E-5	3.096975418184622E-4	6.294945338780589E-5	9.224093980761781E-5	2.9630244836732908E-5	3.4031348248524236E-5
277	rock	7.530084684001692E-5	4.8318068094995115E-4	0.998636898487413	1.3803591291159452E-4	4.211980475243073E-5	3.658976845180518E-4	7.437275446563497E-5	1.0897970353655658E-4	3.5007181244656624E-5	4.020694336818971E-5
278	datum	1.0346390258492269E-4	0.9980163158720624	7.746666065228751E-4	1.8966233244426656E-4	5.787291323642275E-5	5.027460377365389E-4	1.0218869701894976E-4	1.4973889276963557E-4	4.810011762238333E-5	5.5244628001622474E-5
279	two	0.9989807352744845	2.659800074172479E-4	3.1035966342997823E-4	7.59856397153335E-5	2.3185997334245638E-5	2.014183775947491E-4	4.094051472736711E-5	5.999085538352736E-5	1.927065939144033E-5	2.2133010521593467E-5
280	async	8.281497388591268E-5	5.313963541480766E-4	6.200616174981724E-4	0.9980326258368514	4.63228592642944E-5	4.0240991250280563E-4	8.179426895398207E-5	1.1985457908128368E-4	3.8500480701831626E-5	4.4219117112232636E-5
281	keyed	9.199497605995584E-5	0.9982362063550585	6.887951656668353E-4	1.686383491900904E-4	5.145772713661834E-5	4.470168682053017E-4	9.086112645074637E-5	1.3314040463803574E-4	4.2768241469726316E-5	4.912078612421328E-5
282	legacy	8.281497388591268E-5	0.9984122119391523	6.200616174981724E-4	1.5181025184721878E-4	4.63228592642944E-5	4.0240991250280563E-4	8.179426895398207E-5	1.1985457908128368E-4	3.8500480701831626E-5	4.4219117112232636E-5
283	process	1.0346390258492269E-4	0.9980163158720624	7.746666065228751E-4	1.8966233244426656E-4	5.787291323642275E-5	5.027460377365389E-4	1.0218869701894976E-4	1.4973889276963557E-4	4.810011762238333E-5	5.5244628001622474E-5
284	stream	9.199497605995584E-5	0.9982362063550585	6.887951656668353E-4	1.686383491900904E-4	5.145772713661834E-5	4.470168682053017E-4	9.086112645074637E-5	1.3314040463803574E-4	4.2768241469726316E-5	4.912078612421328E-5
285	stream	8.281497388591268E-5	5.313963541480766E-4	6.200616174981724E-4	1.5181025184721878E-4	4.63228592642944E-5	4.0240991250280563E-4	8.179426895398207E-5	0.9980006701640853	3.8500480701831626E-5	4.4219117112232636E-5
286	window	9.199497605995584E-5	0.9982362063550585	6.887951656668353E-4	1.686383491900904E-4	5.145772713661834E-5	4.470168682053017E-4	9.086112645074637E-5	1.3314040463803574E-4	4.2768241469726316E-5	4.912078612421328E-5
287	local	9.199497605995584E-5	5.903013982175015E-4	6.887951656668353E-4	1.686383491900904E-4	5.145772713661834E-5	0.9980929218250462	9.086112645074637E-5	1.3314040463803574E-4	4.2768241469726316E-5	4.912078612421328E-5
288	mailbox	9.199497605995584E-5	0.9982362063550585	6.887951656668353E-4	1.686383491900904E-4	5.145772713661834E-5	4.470168682053017E-4	9.086112645074637E-5	1.3314040463803574E-4	4.2768241469726316E-5	4.912078612421328E-5
289	task	9.199497605995584E-5	0.9982362063550585	6.887951656668353E-4	1.686383491900904E-4	5.145772713661834E-5	4.470168682053017E-4	9.086112645074637E-5	1.3314040463803574E-4	4.2768241469726316E-5	4.912078612421328E-5
290	source	1.0346390258492269E-4	6.638937143819128E-4	7.746666065228751E-4	0.9975420844901247	5.787291323642275E-5	5.027460377365389E-4	1.0218869701894976E-4	1.4973889276963557E-4	4.810011762238333E-5	5.5244628001622474E-5
291	stream	9.199497605995584E-5	5.903013982175015E-4	6.887951656668353E-4	0.997814543306031	5.145772713661834E-5	4.470168682053017E-4	9.086112645074637E-5	1.3314040463803574E-4	4.2768241469726316E-5	4.912078612421328E-5
292	stream	1.0346390258492269E-4	6.638937143819128E-4	7.746666065228751E-4	0.9975420844901247	5.787291323642275E-5	5.027460377365389E-4	1.0218869701894976E-4	1.4973889276963557E-4	4.810011762238333E-5	5.5244628001622474E-5
293	stream	1.1819975394712336E-4	7.584488089705913E-4	8.849985356670691E-4	0.9971920157539812	6.611546572132908E-5	5.743496666344553E-4	1.1674292716634072E-4	1.7106546186152483E-4	5.495077921622793E-5	6.311284683401948E-5
294	synchronous	1.3783023135771543E-4	8.844111034289039E-4	0.001031978061280898	0.9967256690022323	7.709584523137383E-5	6.697369900437115E-4	1.3613145648265764E-4	1.9947581444404718E-4	6.40769406004653E-5	7.359455489787564E-5
295	abstract	7.530084684001692E-5	0.998556278170793	5.638009975699029E-4	1.3803591291159452E-4	4.211980475243073E-5	3.658976845180518E-4	7.437275446563497E-5	1.0897970353655658E-4	3.5007181244656624E-5	4.020694336818971E-5
296	environment	1.3783023135771543E-4	0.9973574199748568	0.001031978061280898	2.5266013080437036E-4	7.709584523137383E-5	6.697369900437115E-4	1.3613145648265764E-4	1.9947581444404718E-4	6.40769406004653E-5	7.359455489787564E-5
297	local	1.3783023135771543E-4	0.9973574199748568	0.001031978061280898	2.5266013080437036E-4	7.709584523137383E-5	6.697369900437115E-4	1.3613145648265764E-4	1.9947581444404718E-4	6.40769406004653E-5	7.359455489787564E-5
298	create	1.3783023135771543E-4	0.9973574199748568	0.001031978061280898	2.5266013080437036E-4	7.709584523137383E-5	6.697369900437115E-4	1.3613145648265764E-4	1.9947581444404718E-4	6.40769406004653E-5	7.359455489787564E-5
299	window	1.0346390258492269E-4	0.9980163158720624	7.746666065228751E-4	1.8966233244426656E-4	5.787291323642275E-5	5.027460377365389E-4	1.0218869701894976E-4	1.4973889276963557E-4	4.810011762238333E-5	5.5244628001622474E-5
300	object	1.1819975394712336E-4	0.9977337895635766	8.849985356670691E-4	2.1667499937525744E-4	6.611546572132908E-5	5.743496666344553E-4	1.1674292716634072E-4	1.7106546186152483E-4	5.495077921622793E-5	6.311284683401948E-5
301	component	1.1819975394712336E-4	0.9977337895635766	8.849985356670691E-4	2.1667499937525744E-4	6.611546572132908E-5	5.743496666344553E-4	1.1674292716634072E-4	1.7106546186152483E-4	5.495077921622793E-5	6.311284683401948E-5
302	value	1.0346390258492269E-4	0.9980163158720624	7.746666065228751E-4	1.8966233244426656E-4	5.787291323642275E-5	5.027460377365389E-4	1.0218869701894976E-4	1.4973889276963557E-4	4.810011762238333E-5	5.5244628001622474E-5
303	unique	1.3783023135771543E-4	0.9973574199748568	0.001031978061280898	2.5266013080437036E-4	7.709584523137383E-5	6.697369900437115E-4	1.3613145648265764E-4	1.9947581444404718E-4	6.40769406004653E-5	7.359455489787564E-5
304	table	1.3783023135771543E-4	0.9973574199748568	0.001031978061280898	2.5266013080437036E-4	7.709584523137383E-5	6.697369900437115E-4	1.3613145648265764E-4	1.9947581444404718E-4	6.40769406004653E-5	7.359455489787564E-5
305	catalog	1.3783023135771543E-4	0.9973574199748568	0.001031978061280898	2.5266013080437036E-4	7.709584523137383E-5	6.697369900437115E-4	1.3613145648265764E-4	1.9947581444404718E-4	6.40769406004653E-5	7.359455489787564E-5
306	expression	1.6527968962944727E-4	0.9968311392785586	0.0012375007427088503	3.0297843651369793E-4	9.244980035251229E-5	8.031178701318233E-4	1.6324259674108698E-4	2.3920224449400365E-4	7.683812724193468E-5	8.825121362794047E-5
307	factory	1.3783023135771543E-4	0.9973574199748568	0.001031978061280898	2.5266013080437036E-4	7.709584523137383E-5	6.697369900437115E-4	1.3613145648265764E-4	1.9947581444404718E-4	6.40769406004653E-5	7.359455489787564E-5
308	table	1.0346390258492269E-4	0.9980163158720624	7.746666065228751E-4	1.8966233244426656E-4	5.787291323642275E-5	5.027460377365389E-4	1.0218869701894976E-4	1.4973889276963557E-4	4.810011762238333E-5	5.5244628001622474E-5
309	user	1.0346390258492269E-4	6.638937143819128E-4	7.746666065228751E-4	1.8966233244426656E-4	5.787291323642275E-5	5.027460377365389E-4	1.0218869701894976E-4	0.99750216105045	4.810011762238333E-5	5.5244628001622474E-5
310	datum	1.1819975394712336E-4	0.9977337895635766	8.849985356670691E-4	2.1667499937525744E-4	6.611546572132908E-5	5.743496666344553E-4	1.1674292716634072E-4	1.7106546186152483E-4	5.495077921622793E-5	6.311284683401948E-5
311	type	1.1819975394712336E-4	0.9977337895635766	8.849985356670691E-4	2.1667499937525744E-4	6.611546572132908E-5	5.743496666344553E-4	1.1674292716634072E-4	1.7106546186152483E-4	5.495077921622793E-5	6.311284683401948E-5
312	input	1.0346390258492269E-4	0.9980163158720624	7.746666065228751E-4	1.8966233244426656E-4	5.787291323642275E-5	5.027460377365389E-4	1.0218869701894976E-4	1.4973889276963557E-4	4.810011762238333E-5	5.5244628001622474E-5
313	type	1.3783023135771543E-4	0.9973574199748568	0.001031978061280898	2.5266013080437036E-4	7.709584523137383E-5	6.697369900437115E-4	1.3613145648265764E-4	1.9947581444404718E-4	6.40769406004653E-5	7.359455489787564E-5
314	logical	1.1819975394712336E-4	0.9977337895635766	8.849985356670691E-4	2.1667499937525744E-4	6.611546572132908E-5	5.743496666344553E-4	1.1674292716634072E-4	1.7106546186152483E-4	5.495077921622793E-5	6.311284683401948E-5
315	table	9.199497605995584E-5	5.903013982175015E-4	6.887951656668353E-4	1.686383491900904E-4	5.145772713661834E-5	4.470168682053017E-4	9.086112645074637E-5	0.9977790453614789	4.2768241469726316E-5	4.912078612421328E-5
316	type	1.1819975394712336E-4	7.584488089705913E-4	8.849985356670691E-4	2.1667499937525744E-4	6.611546572132908E-5	5.743496666344553E-4	1.1674292716634072E-4	0.9971464062164676	5.495077921622793E-5	6.311284683401948E-5
317	catalog	1.3783023135771543E-4	0.9973574199748568	0.001031978061280898	2.5266013080437036E-4	7.709584523137383E-5	6.697369900437115E-4	1.3613145648265764E-4	1.9947581444404718E-4	6.40769406004653E-5	7.359455489787564E-5
318	view	1.0346390258492269E-4	0.9980163158720624	7.746666065228751E-4	1.8966233244426656E-4	5.787291323642275E-5	5.027460377365389E-4	1.0218869701894976E-4	1.4973889276963557E-4	4.810011762238333E-5	5.5244628001622474E-5
319	function	1.6527968962944727E-4	0.9968311392785586	0.0012375007427088503	3.0297843651369793E-4	9.244980035251229E-5	8.031178701318233E-4	1.6324259674108698E-4	2.3920224449400365E-4	7.683812724193468E-5	8.825121362794047E-5
320	sql	9.199497605995584E-5	0.9982362063550585	6.887951656668353E-4	1.686383491900904E-4	5.145772713661834E-5	4.470168682053017E-4	9.086112645074637E-5	1.3314040463803574E-4	4.2768241469726316E-5	4.912078612421328E-5
321	catalog	1.1819975394712336E-4	7.584488089705913E-4	0.9978603392902731	2.1667499937525744E-4	6.611546572132908E-5	5.743496666344553E-4	1.1674292716634072E-4	1.7106546186152483E-4	5.495077921622793E-5	6.311284683401948E-5
322	composite	1.1819975394712336E-4	0.9977337895635766	8.849985356670691E-4	2.1667499937525744E-4	6.611546572132908E-5	5.743496666344553E-4	1.1674292716634072E-4	1.7106546186152483E-4	5.495077921622793E-5	6.311284683401948E-5
323	merge	1.1819975394712336E-4	7.584488089705913E-4	8.849985356670691E-4	2.1667499937525744E-4	6.611546572132908E-5	5.743496666344553E-4	1.1674292716634072E-4	0.9971464062164676	5.495077921622793E-5	6.311284683401948E-5
324	sql	1.0346390258492269E-4	0.9980163158720624	7.746666065228751E-4	1.8966233244426656E-4	5.787291323642275E-5	5.027460377365389E-4	1.0218869701894976E-4	1.4973889276963557E-4	4.810011762238333E-5	5.5244628001622474E-5
325	function	1.6527968962944727E-4	0.0010605452174000407	0.0012375007427088503	3.0297843651369793E-4	9.244980035251229E-5	8.031178701318233E-4	1.6324259674108698E-4	0.9960097963056527	7.683812724193468E-5	8.825121362794047E-5
326	datum	1.1819975394712336E-4	0.9977337895635766	8.849985356670691E-4	2.1667499937525744E-4	6.611546572132908E-5	5.743496666344553E-4	1.1674292716634072E-4	1.7106546186152483E-4	5.495077921622793E-5	6.311284683401948E-5
327	compile	1.3783023135771543E-4	0.9973574199748568	0.001031978061280898	2.5266013080437036E-4	7.709584523137383E-5	6.697369900437115E-4	1.3613145648265764E-4	1.9947581444404718E-4	6.40769406004653E-5	7.359455489787564E-5
328	slide	1.1819975394712336E-4	0.9977337895635766	8.849985356670691E-4	2.1667499937525744E-4	6.611546572132908E-5	5.743496666344553E-4	1.1674292716634072E-4	1.7106546186152483E-4	5.495077921622793E-5	6.311284683401948E-5
329	tumble	1.1819975394712336E-4	0.9977337895635766	8.849985356670691E-4	2.1667499937525744E-4	6.611546572132908E-5	5.743496666344553E-4	1.1674292716634072E-4	1.7106546186152483E-4	5.495077921622793E-5	6.311284683401948E-5
330	window	1.1819975394712336E-4	0.9977337895635766	8.849985356670691E-4	2.1667499937525744E-4	6.611546572132908E-5	5.743496666344553E-4	1.1674292716634072E-4	1.7106546186152483E-4	5.495077921622793E-5	6.311284683401948E-5
331	datum	1.0346390258492269E-4	6.638937143819128E-4	7.746666065228751E-4	1.8966233244426656E-4	5.787291323642275E-5	5.027460377365389E-4	1.0218869701894976E-4	0.99750216105045	4.810011762238333E-5	5.5244628001622474E-5
332	row	1.1819975394712336E-4	0.9977337895635766	8.849985356670691E-4	2.1667499937525744E-4	6.611546572132908E-5	5.743496666344553E-4	1.1674292716634072E-4	1.7106546186152483E-4	5.495077921622793E-5	6.311284683401948E-5
333	resettable	1.1819975394712336E-4	7.584488089705913E-4	8.849985356670691E-4	2.1667499937525744E-4	6.611546572132908E-5	5.743496666344553E-4	1.1674292716634072E-4	0.9971464062164676	5.495077921622793E-5	6.311284683401948E-5
334	test	2.2417091879895804E-5	1.4384307977914425E-4	1.6784377991596285E-4	4.109334585623918E-5	1.253908252990239E-5	1.0892788536507318E-4	2.2140798413054015E-5	3.2443300835821594E-5	0.9994367820124855	1.1969622939426076E-5
335	retry	9.199497605995584E-5	0.22228939138862658	6.887951656668353E-4	0.7761154533156219	5.145772713661834E-5	4.470168682053017E-4	9.086112645074637E-5	1.3314040463803574E-4	4.2768241469726316E-5	4.912078612421328E-5
336	retry	9.199497605995584E-5	5.903013982175015E-4	6.887951656668353E-4	0.997814543306031	5.145772713661834E-5	4.470168682053017E-4	9.086112645074637E-5	1.3314040463803574E-4	4.2768241469726316E-5	4.912078612421328E-5
337	job	9.199497605995584E-5	5.903013982175015E-4	6.887951656668353E-4	1.686383491900904E-4	5.145772713661834E-5	0.9980929218250462	9.086112645074637E-5	1.3314040463803574E-4	4.2768241469726316E-5	4.912078612421328E-5
338	job	9.199497605995584E-5	5.903013982175015E-4	6.887951656668353E-4	1.686383491900904E-4	5.145772713661834E-5	0.9980929218250462	9.086112645074637E-5	1.3314040463803574E-4	4.2768241469726316E-5	4.912078612421328E-5
339	event	0.5976276361263246	0.39936878284186345	0.0012375007427088503	3.0297843651369793E-4	9.244980035251229E-5	8.031178701318233E-4	1.6324259674108698E-4	2.3920224449400365E-4	7.683812724193468E-5	8.825121362794047E-5
340	key	1.0346390258492269E-4	6.638937143819128E-4	7.746666065228751E-4	1.8966233244426656E-4	5.787291323642275E-5	0.9978551681954169	1.0218869701894976E-4	1.4973889276963557E-4	4.810011762238333E-5	5.5244628001622474E-5
341	local	2.0638139436306272E-4	0.9960431079239098	0.001545242064395038	3.783230252296957E-4	1.1544018958478764E-4	0.0010028369864881932	2.038377178127894E-4	2.986869884867644E-4	9.59462101846273E-5	1.1019749954517014E-4
342	savepoint	1.3783023135771543E-4	8.844111034289039E-4	0.001031978061280898	2.5266013080437036E-4	7.709584523137383E-5	0.9971427458614717	1.3613145648265764E-4	1.9947581444404718E-4	6.40769406004653E-5	7.359455489787564E-5
343	unaligned	1.0346390258492269E-4	6.638937143819128E-4	0.9981270887642034	1.8966233244426656E-4	5.787291323642275E-5	5.027460377365389E-4	1.0218869701894976E-4	1.4973889276963557E-4	4.810011762238333E-5	5.5244628001622474E-5
344	unaligned	1.3783023135771543E-4	8.844111034289039E-4	0.001031978061280898	2.5266013080437036E-4	7.709584523137383E-5	6.697369900437115E-4	1.3613145648265764E-4	1.9947581444404718E-4	0.9965370858120285	7.359455489787564E-5
345	unaligned	1.3783023135771543E-4	8.844111034289039E-4	0.9975049869327087	2.5266013080437036E-4	7.709584523137383E-5	6.697369900437115E-4	1.3613145648265764E-4	1.9947581444404718E-4	6.40769406004653E-5	7.359455489787564E-5
346	unaligned	8.281497388591268E-5	5.313963541480766E-4	6.200616174981724E-4	0.9980326258368514	4.63228592642944E-5	4.0240991250280563E-4	8.179426895398207E-5	1.1985457908128368E-4	3.8500480701831626E-5	4.4219117112232636E-5
347	savepoint	8.281497388591268E-5	5.313963541480766E-4	6.200616174981724E-4	1.5181025184721878E-4	4.63228592642944E-5	4.0240991250280563E-4	0.9979626098539581	1.1985457908128368E-4	3.8500480701831626E-5	4.4219117112232636E-5
348	page	1.1819975394712336E-4	7.584488089705913E-4	0.9978603392902731	2.1667499937525744E-4	6.611546572132908E-5	5.743496666344553E-4	1.1674292716634072E-4	1.7106546186152483E-4	5.495077921622793E-5	6.311284683401948E-5
349	page	1.1819975394712336E-4	7.584488089705913E-4	0.9978603392902731	2.1667499937525744E-4	6.611546572132908E-5	5.743496666344553E-4	1.1674292716634072E-4	1.7106546186152483E-4	5.495077921622793E-5	6.311284683401948E-5
350	csv	1.1819975394712336E-4	7.584488089705913E-4	0.9978603392902731	2.1667499937525744E-4	6.611546572132908E-5	5.743496666344553E-4	1.1674292716634072E-4	1.7106546186152483E-4	5.495077921622793E-5	6.311284683401948E-5
351	datum	1.1819975394712336E-4	7.584488089705913E-4	0.9978603392902731	2.1667499937525744E-4	6.611546572132908E-5	5.743496666344553E-4	1.1674292716634072E-4	1.7106546186152483E-4	5.495077921622793E-5	6.311284683401948E-5
352	json	8.281497388591268E-5	5.313963541480766E-4	0.9985008772025024	1.5181025184721878E-4	4.63228592642944E-5	4.0240991250280563E-4	8.179426895398207E-5	1.1985457908128368E-4	3.8500480701831626E-5	4.4219117112232636E-5
353	default	9.199497605995584E-5	5.903013982175015E-4	6.887951656668353E-4	1.686383491900904E-4	5.145772713661834E-5	0.9980929218250462	9.086112645074637E-5	1.3314040463803574E-4	4.2768241469726316E-5	4.912078612421328E-5
354	abstract	6.903686187855277E-5	4.429867568952742E-4	5.169005825249085E-4	1.2655324148218503E-4	3.8616021798839546E-5	0.9985688491024761	6.818597390385479E-5	9.991410530353598E-5	3.209506981348418E-5	3.68622839231257E-5
355	abstract	0.39948973368912055	3.5451466341525014E-4	4.136666236193743E-4	1.0127837708424352E-4	3.090373641505491E-5	2.6846291581093405E-4	5.456805922954666E-5	7.995953572149955E-5	2.5685130977642732E-5	0.5991812272686059
356	abstract	0.9986414607074948	3.5451466341525014E-4	4.136666236193743E-4	1.0127837708424352E-4	3.090373641505491E-5	2.6846291581093405E-4	5.456805922954666E-5	7.995953572149955E-5	2.5685130977642732E-5	2.9500250231664896E-5
357	job	8.281497388591268E-5	5.313963541480766E-4	6.200616174981724E-4	1.5181025184721878E-4	4.63228592642944E-5	0.9982832254975069	8.179426895398207E-5	1.1985457908128368E-4	3.8500480701831626E-5	4.4219117112232636E-5
358	process	7.530084684001692E-5	4.8318068094995115E-4	5.638009975699029E-4	1.3803591291159452E-4	4.211980475243073E-5	3.658976845180518E-4	7.437275446563497E-5	1.0897970353655658E-4	3.5007181244656624E-5	0.9981133044332111
359	process	0.9981483983366831	4.8318068094995115E-4	5.638009975699029E-4	1.3803591291159452E-4	4.211980475243073E-5	3.658976845180518E-4	7.437275446563497E-5	1.0897970353655658E-4	3.5007181244656624E-5	4.020694336818971E-5
360	process	1.0346390258492269E-4	6.638937143819128E-4	7.746666065228751E-4	1.8966233244426656E-4	5.787291323642275E-5	0.9978551681954169	1.0218869701894976E-4	1.4973889276963557E-4	4.810011762238333E-5	5.5244628001622474E-5
361	task	7.530084684001692E-5	4.8318068094995115E-4	5.638009975699029E-4	1.3803591291159452E-4	4.211980475243073E-5	0.998438995174361	7.437275446563497E-5	1.0897970353655658E-4	3.5007181244656624E-5	4.020694336818971E-5
362	i	2.6752913560195135E-5	1.716646164534338E-4	2.0030743326413317E-4	4.9041451740540374E-5	1.4964340283026523E-5	1.2999626878810796E-4	0.999341832522455	3.871835060133482E-5	1.2437364692778966E-5	1.4284738161499789E-5
363	join	1.6527968962944727E-4	0.0010605452174000407	0.0012375007427088503	0.9960735724976723	9.244980035251229E-5	8.031178701318233E-4	1.6324259674108698E-4	2.3920224449400365E-4	7.683812724193468E-5	8.825121362794047E-5
364	zoo	9.199497605995584E-5	5.903013982175015E-4	0.9983347001225078	1.686383491900904E-4	5.145772713661834E-5	4.470168682053017E-4	9.086112645074637E-5	1.3314040463803574E-4	4.2768241469726316E-5	4.912078612421328E-5
365	self	1.3783023135771543E-4	8.844111034289039E-4	0.001031978061280898	0.9967256690022323	7.709584523137383E-5	6.697369900437115E-4	1.3613145648265764E-4	1.9947581444404718E-4	6.40769406004653E-5	7.359455489787564E-5
366	task	9.199497605995584E-5	5.903013982175015E-4	6.887951656668353E-4	1.686383491900904E-4	5.145772713661834E-5	0.9980929218250462	9.086112645074637E-5	1.3314040463803574E-4	4.2768241469726316E-5	4.912078612421328E-5
367	manual	1.0346390258492269E-4	6.638937143819128E-4	0.9981270887642034	1.8966233244426656E-4	5.787291323642275E-5	5.027460377365389E-4	1.0218869701894976E-4	1.4973889276963557E-4	4.810011762238333E-5	5.5244628001622474E-5
368	abstract	8.281497388591268E-5	5.313963541480766E-4	6.200616174981724E-4	1.5181025184721878E-4	4.63228592642944E-5	0.9982832254975069	8.179426895398207E-5	1.1985457908128368E-4	3.8500480701831626E-5	4.4219117112232636E-5
369	abstract	2.6752913560195135E-5	1.716646164534338E-4	2.0030743326413317E-4	4.9041451740540374E-5	1.4964340283026523E-5	1.2999626878810796E-4	0.999341832522455	3.871835060133482E-5	1.2437364692778966E-5	1.4284738161499789E-5
370	reinterpret	8.281497388591268E-5	5.313963541480766E-4	0.9985008772025024	1.5181025184721878E-4	4.63228592642944E-5	4.0240991250280563E-4	8.179426895398207E-5	1.1985457908128368E-4	3.8500480701831626E-5	4.4219117112232636E-5
371	side	1.1819975394712336E-4	0.9977337895635766	8.849985356670691E-4	2.1667499937525744E-4	6.611546572132908E-5	5.743496666344553E-4	1.1674292716634072E-4	1.7106546186152483E-4	5.495077921622793E-5	6.311284683401948E-5
372	abstract	9.199497605995584E-5	5.903013982175015E-4	0.9983347001225078	1.686383491900904E-4	5.145772713661834E-5	4.470168682053017E-4	9.086112645074637E-5	1.3314040463803574E-4	4.2768241469726316E-5	4.912078612421328E-5
373	flink	0.3326406299616736	5.903013982175015E-4	6.887951656668353E-4	1.686383491900904E-4	5.145772713661834E-5	0.6655442868394327	9.086112645074637E-5	1.3314040463803574E-4	4.2768241469726316E-5	4.912078612421328E-5
374	util	1.1819975394712336E-4	7.584488089705913E-4	0.9978603392902731	2.1667499937525744E-4	6.611546572132908E-5	5.743496666344553E-4	1.1674292716634072E-4	1.7106546186152483E-4	5.495077921622793E-5	6.311284683401948E-5
375	yarn	8.281497388591268E-5	5.313963541480766E-4	0.9985008772025024	1.5181025184721878E-4	4.63228592642944E-5	4.0240991250280563E-4	8.179426895398207E-5	1.1985457908128368E-4	3.8500480701831626E-5	4.4219117112232636E-5
376	yarn	9.199497605995584E-5	5.903013982175015E-4	6.887951656668353E-4	1.686383491900904E-4	5.145772713661834E-5	0.9980929218250462	9.086112645074637E-5	1.3314040463803574E-4	4.2768241469726316E-5	4.912078612421328E-5
377	yarn	9.199497605995584E-5	5.903013982175015E-4	0.9983347001225078	1.686383491900904E-4	5.145772713661834E-5	4.470168682053017E-4	9.086112645074637E-5	1.3314040463803574E-4	4.2768241469726316E-5	4.912078612421328E-5
378	yarn	9.199497605995584E-5	5.903013982175015E-4	0.9983347001225078	1.686383491900904E-4	5.145772713661834E-5	4.470168682053017E-4	9.086112645074637E-5	1.3314040463803574E-4	4.2768241469726316E-5	4.912078612421328E-5
379	yarn	9.199497605995584E-5	5.903013982175015E-4	6.887951656668353E-4	0.997814543306031	5.145772713661834E-5	4.470168682053017E-4	9.086112645074637E-5	1.3314040463803574E-4	4.2768241469726316E-5	4.912078612421328E-5
380	yarn	1.0346390258492269E-4	6.638937143819128E-4	7.746666065228751E-4	1.8966233244426656E-4	5.787291323642275E-5	0.9978551681954169	1.0218869701894976E-4	1.4973889276963557E-4	4.810011762238333E-5	5.5244628001622474E-5
381	cli	9.199497605995584E-5	5.903013982175015E-4	6.887951656668353E-4	1.686383491900904E-4	5.145772713661834E-5	0.9980929218250462	9.086112645074637E-5	1.3314040463803574E-4	4.2768241469726316E-5	4.912078612421328E-5
382	util	1.1819975394712336E-4	7.584488089705913E-4	0.9978603392902731	2.1667499937525744E-4	6.611546572132908E-5	5.743496666344553E-4	1.1674292716634072E-4	1.7106546186152483E-4	5.495077921622793E-5	6.311284683401948E-5
383	yarn	1.1819975394712336E-4	7.584488089705913E-4	8.849985356670691E-4	2.1667499937525744E-4	6.611546572132908E-5	0.9975496904212405	1.1674292716634072E-4	1.7106546186152483E-4	5.495077921622793E-5	6.311284683401948E-5
384	y	0.9988676170979621	2.954985149033482E-4	3.44803432859497E-4	8.44185392274182E-5	2.5759183351230647E-5	2.2377182417369383E-4	4.54841001727528E-5	6.664865094843334E-5	2.1409320522522895E-5	2.458933587896026E-5
385	y	0.9989271496568083	2.7996332561729126E-4	3.266761451548311E-4	7.998041883084254E-5	2.440495052421795E-5	2.1200750905839917E-4	4.309287290746246E-5	6.314474363274714E-5	2.0283772237070282E-5	2.329660522878077E-5
386	y	0.998801089447117	3.128590931930269E-4	3.6506068184318543E-4	8.937813998831293E-5	2.7272538906988674E-5	2.369184495429018E-4	4.815629729781428E-5	7.056426833510683E-5	2.266712104034158E-5	2.603396273523235E-5
