0	namespace	0.9966102310745691	5.063293722905649E-4	1.998708092939085E-4	3.884884684868886E-4	4.510233492614709E-4	5.678051008324829E-4	1.5021172774695672E-4	5.2905486114861224E-5	3.152374312735328E-4	7.578971801302507E-4
1	namespace	0.9968281770455482	4.7377480910156417E-4	1.8702006974198439E-4	3.6351051325126613E-4	4.220246995153106E-4	5.312979415688084E-4	1.4055383023936155E-4	4.950391574382086E-5	2.94969168285931E-4	7.091680070038757E-4
2	namespace	0.9970197903114049	4.4515355887533896E-4	1.7572198442680686E-4	3.415504487654448E-4	3.9652972955398906E-4	4.992016565021631E-4	1.3206282086475219E-4	4.6513330485882144E-5	2.7714976081143325E-4	6.663263983092686E-4
3	namespace	0.9970197903114049	4.4515355887533896E-4	1.7572198442680686E-4	3.415504487654448E-4	3.9652972955398906E-4	4.992016565021631E-4	1.3206282086475219E-4	4.6513330485882144E-5	2.7714976081143325E-4	6.663263983092686E-4
4	controller	0.9317875477775696	0.06300171014396524	3.6119197820894003E-4	7.020480826582478E-4	8.150565673580694E-4	0.0010260960483991079	2.7145170065992014E-4	9.560694358240498E-5	5.696741400579412E-4	0.0013696166175405867
5	admin	0.9953254068482132	6.982434107826816E-4	2.7562784865892744E-4	5.357372653671747E-4	6.219747440411853E-4	7.830202867187391E-4	2.0714648381371236E-4	7.295825424237367E-5	4.347218851299185E-4	0.0010451629730321768
6	biz	7.061239867378263E-4	0.00132692299190164	5.237957479383173E-4	0.0010181006853145463	0.0011819840696029901	0.9918984356416428	3.9365560464922806E-4	1.3864790345059444E-4	8.261337744886312E-4	0.0019861995942734457
7	base	9.674414673017916E-4	0.0018179814740643175	7.176384551004228E-4	0.0013948723444617427	0.00161940455798257	0.002038710789229699	5.393369477969924E-4	1.89957760495059E-4	0.0011318636471637008	0.9895827925564036
8	config	0.6162953742354026	0.09545575156398532	2.7562784865892744E-4	5.357372653671747E-4	6.219747440411853E-4	0.190298036593124	2.0714648381371236E-4	7.295825424237367E-5	4.347218851299185E-4	0.0958026711262348
9	config	7.759922402774232E-4	0.0014582169201167226	5.756233232753168E-4	0.0011188378336714744	0.0012989368487265353	0.9910968169977667	4.3260631317844757E-4	1.5236658041520567E-4	9.078765351052969E-4	0.0021827264074667577
10	default	0.0011035760662588044	0.7056543457174151	8.186217461657729E-4	0.0015911533533160918	0.2832794988519069	0.0023255902388517836	6.152303445270488E-4	2.166878774249137E-4	0.001291135095502999	0.003104160708630553
11	default	6.477979978821961E-4	0.001217318875497831	4.8053010970668493E-4	9.340053559660855E-4	0.001084351938467367	0.9925676265505393	3.611395694472514E-4	1.271955576538238E-4	7.578949520876383E-4	0.0018221390927518303
12	local	0.2204843846489466	0.770299474173293	6.38833435491901E-4	0.0012416991948410046	0.001441575169048712	0.0018148367164574012	4.801115001573523E-4	1.690981968328675E-4	0.0010075719007070164	0.0024224150642241297
13	xml	5.983723192747182E-4	0.07742241978251237	4.438666330654715E-4	8.627426341105638E-4	0.0010016180760854241	0.9168367217523501	3.335853498443857E-4	1.1749079355537087E-4	7.000690982835553E-4	0.0016831135609179837
14	abstract	0.0015357995360787689	0.0028860196702699312	0.0011392408157667904	0.002214339959489435	0.0025707816471935807	0.982379328536113	8.561897150500881E-4	3.0155523646979113E-4	0.0017968174023660808	0.004319927481202487
15	apollo	0.06898260164251072	5.063293722905649E-4	1.998708092939085E-4	3.884884684868886E-4	4.510233492614709E-4	0.9281954345328909	1.5021172774695672E-4	5.2905486114861224E-5	3.152374312735328E-4	7.578971801302507E-4
16	config	1.0040867585024916E-4	1.8868439972931077E-4	7.448215675189147E-5	1.4477081024669947E-4	1.6807452732658644E-4	0.9988479822739116	5.5976625559009325E-5	1.9715308722483904E-5	1.1747370140305164E-4	2.824315204991682E-4
17	base	9.674414673017916E-4	0.0018179814740643175	7.176384551004228E-4	0.0013948723444617427	0.00161940455798257	0.002038710789229699	5.393369477969924E-4	1.89957760495059E-4	0.0011318636471637008	0.9895827925564036
18	legacy	7.759922402774232E-4	0.0014582169201167226	5.756233232753168E-4	0.0011188378336714744	0.0012989368487265353	0.9910968169977667	4.3260631317844757E-4	1.5236658041520567E-4	9.078765351052969E-4	0.0021827264074667577
19	meta	7.759922402774232E-4	0.0014582169201167226	5.756233232753168E-4	0.0011188378336714744	0.0012989368487265353	0.9910968169977667	4.3260631317844757E-4	1.5236658041520567E-4	9.078765351052969E-4	0.0021827264074667577
20	default	0.0015357995360787689	0.0028860196702699312	0.0011392408157667904	0.002214339959489435	0.0025707816471935807	0.982379328536113	8.561897150500881E-4	3.0155523646979113E-4	0.0017968174023660808	0.004319927481202487
21	config	0.7848501229161255	0.19871460051528167	0.0011392408157667904	0.002214339959489435	0.0025707816471935807	0.0032364243110544967	8.561897150500881E-4	3.0155523646979113E-4	0.0017968174023660808	0.004319927481202487
22	disk	4.584554273813565E-4	0.994635408344304	3.4007767473102137E-4	6.610082557306345E-4	7.674105708987743E-4	9.661132562263008E-4	2.555833704280257E-4	9.001802095071964E-5	5.363725348109175E-4	0.0012895525445383235
23	disk	0.0011035760662588044	0.8463704547102351	8.186217461657729E-4	0.0015911533533160918	0.0018472808662671149	0.0023255902388517836	6.152303445270488E-4	2.166878774249137E-4	0.001291135095502999	0.14382026970145045
24	config	1.2834264844907735E-4	0.08206552351755605	9.520329970284494E-5	1.850464518911802E-4	2.1483332781016255E-4	2.7045930007652436E-4	7.154947831599898E-5	0.9164578820104587	1.5015521152444647E-4	3.610047542149037E-4
25	config	3.842391432028472E-5	7.220484830998197E-5	2.8502477352584194E-5	5.54002048318375E-5	6.431796040265266E-5	8.097156400343283E-5	2.1420868726780418E-5	0.9994857243345223	4.49542771018065E-5	1.0807955042841897E-4
26	config	0.9878289954226556	0.0018179814740643175	7.176384551004228E-4	0.0013948723444617427	0.00161940455798257	0.002038710789229699	5.393369477969924E-4	1.89957760495059E-4	0.0011318636471637008	0.0027212386010497655
27	config	0.986116339015998	0.0020738007533156796	8.186217461657729E-4	0.0015911533533160918	0.0018472808662671149	0.0023255902388517836	6.152303445270488E-4	2.166878774249137E-4	0.001291135095502999	0.003104160708630553
28	config	0.7848501229161255	0.0028860196702699312	0.0011392408157667904	0.002214339959489435	0.19839936249220533	0.0032364243110544967	8.561897150500881E-4	3.0155523646979113E-4	0.0017968174023660808	0.004319927481202487
29	name	0.0037230217096416492	0.006996169509401849	0.0027617004628344194	0.005367911337409958	0.9556710736736149	0.007845605945703268	0.0020755396924015527	7.310177309335846E-4	0.004355770424537838	0.010472189513520953
30	permission	5.891951577661885E-5	1.1071945100872872E-4	4.370591059645747E-5	8.495108581100901E-5	0.015124187096934924	1.241623980053267E-4	3.284691930072646E-5	0.9841858444141185	6.893322259799264E-5	1.657299858498622E-4
31	role	8.160291312371435E-5	1.5334528165548885E-4	6.0532229065108145E-5	1.1765636536259371E-4	1.3659547778715933E-4	1.7196362264880368E-4	4.5492639692441397E-5	0.9989078053812578	9.547179234005002E-5	2.295342970667707E-4
32	user	2.442673367436548E-4	4.5901846047339905E-4	1.811950801128189E-4	3.521884932525435E-4	4.088801771048556E-4	5.14749958221861E-4	1.3617609364342673E-4	0.9967306624173891	2.8578195993679735E-4	6.870800231215437E-4
33	member	5.983723192747182E-4	0.6878062588071722	4.438666330654715E-4	0.30605466214644045	0.0010016180760854241	0.0012609632153603128	3.335853498443857E-4	1.1749079355537087E-4	7.000690982835553E-4	0.0016831135609179837
34	server	0.0015357995360787689	0.0028860196702699312	0.0011392408157667904	0.981357244184548	0.0025707816471935807	0.0032364243110544967	8.561897150500881E-4	3.0155523646979113E-4	0.0017968174023660808	0.004319927481202487
35	auto	9.674414673017916E-4	0.49524875845174127	7.176384551004228E-4	0.0013948723444617427	0.00161940455798257	0.002038710789229699	5.393369477969924E-4	1.89957760495059E-4	0.0011318636471637008	0.4961520155787267
36	cmdb	0.0037230217096416492	0.006996169509401849	0.0027617004628344194	0.005367911337409958	0.9556710736736149	0.007845605945703268	0.0020755396924015527	7.310177309335846E-4	0.004355770424537838	0.010472189513520953
37	c	0.002524562531787731	0.9704589666008125	0.0018726953685058402	0.0036399540194161613	0.0042258764060334976	0.00532006642840661	0.0014074131577329805	4.956994929167488E-4	0.0029536262929597042	0.007101139701428194
38	rest	0.0019097912453697556	0.24710477863549055	0.0014166641447713824	0.0027535670961997528	0.733744709308684	0.00402454530708799	0.0010646855815265852	3.7498875151104104E-4	0.0022343711297948773	0.005371898799564159
39	naco	0.3710405242005595	0.0018179814740643175	7.176384551004228E-4	0.0013948723444617427	0.00161940455798257	0.002038710789229699	5.393369477969924E-4	1.89957760495059E-4	0.6179203348692598	0.0027212386010497655
40	dubbo	0.0015357995360787689	0.0028860196702699312	0.0011392408157667904	0.002214339959489435	0.0025707816471935807	0.982379328536113	8.561897150500881E-4	3.0155523646979113E-4	0.0017968174023660808	0.004319927481202487
41	dubbo	0.9974770353978982	3.7685491589404304E-4	1.4876146071752153E-4	2.891473359625993E-4	3.3569130225105946E-4	4.22610567801779E-4	1.1180079830307155E-4	3.9376922634280706E-5	2.3462746218298958E-4	5.640938363544356E-4
42	dubbo	0.45089267169382824	0.00132692299190164	5.237957479383173E-4	0.0010181006853145463	0.0011819840696029901	0.0014880306860437895	3.9365560464922806E-4	1.3864790345059444E-4	8.261337744886312E-4	0.5422100568427819
43	sentinel	0.9806787037611373	0.0028860196702699312	0.0011392408157667904	0.002214339959489435	0.0025707816471935807	0.0032364243110544967	8.561897150500881E-4	3.0155523646979113E-4	0.0017968174023660808	0.004319927481202487
44	sentinel	0.9806787037611373	0.0028860196702699312	0.0011392408157667904	0.002214339959489435	0.0025707816471935807	0.0032364243110544967	8.561897150500881E-4	3.0155523646979113E-4	0.0017968174023660808	0.004319927481202487
45	gateway	2.790304380542186E-4	5.243440396424293E-4	2.0698200279723817E-4	4.023104802302846E-4	4.6707028639275477E-4	0.9967986032279114	1.5555610327758928E-4	5.478780775292129E-5	3.2645324803636113E-4	7.848623659048719E-4
46	gateway	0.0011035760662588044	0.0020738007533156796	8.186217461657729E-4	0.0015911533533160918	0.0018472808662671149	0.987338353188591	6.152303445270488E-4	2.166878774249137E-4	0.001291135095502999	0.003104160708630553
47	gateway	5.983723192747182E-4	0.0011244399044298874	4.438666330654715E-4	8.627426341105638E-4	0.0010016180760854241	0.9931347016304326	3.335853498443857E-4	1.1749079355537087E-4	7.000690982835553E-4	0.0016831135609179837
48	abstract	0.9968281770455482	4.7377480910156417E-4	1.8702006974198439E-4	3.6351051325126613E-4	4.220246995153106E-4	5.312979415688084E-4	1.4055383023936155E-4	4.950391574382086E-5	2.94969168285931E-4	7.091680070038757E-4
49	dubbo	0.0015357995360787689	0.0028860196702699312	0.0011392408157667904	0.002214339959489435	0.0025707816471935807	0.982379328536113	8.561897150500881E-4	3.0155523646979113E-4	0.0017968174023660808	0.004319927481202487
50	dubbo	0.9930057573214941	0.0010447291785842226	4.124012507351825E-4	8.015834371521267E-4	9.306141001945226E-4	0.0011715744514387626	3.0993772735889787E-4	1.0916195677397781E-4	6.504417097975559E-4	0.0015637988664706387
51	sentinel	0.9806787037611373	0.0028860196702699312	0.0011392408157667904	0.002214339959489435	0.0025707816471935807	0.0032364243110544967	8.561897150500881E-4	3.0155523646979113E-4	0.0017968174023660808	0.004319927481202487
52	sentinel	0.9806787037611373	0.0028860196702699312	0.0011392408157667904	0.002214339959489435	0.0025707816471935807	0.0032364243110544967	8.561897150500881E-4	3.0155523646979113E-4	0.0017968174023660808	0.004319927481202487
53	sentinel	4.869194158877619E-4	9.150015865197868E-4	3.6119197820894003E-4	7.020480826582478E-4	8.150565673580694E-4	0.932326724410081	2.7145170065992014E-4	9.560694358240498E-5	5.696741400579412E-4	0.06345632517498605
54	sentinel	4.869194158877619E-4	9.150015865197868E-4	3.6119197820894003E-4	7.020480826582478E-4	8.150565673580694E-4	0.9944134329675264	2.7145170065992014E-4	9.560694358240498E-5	5.696741400579412E-4	0.0013696166175405867
55	client	5.983723192747182E-4	0.0011244399044298874	4.438666330654715E-4	8.627426341105638E-4	0.0010016180760854241	0.9931347016304326	3.335853498443857E-4	1.1749079355537087E-4	7.000690982835553E-4	0.0016831135609179837
56	provider	5.983723192747182E-4	0.0011244399044298874	4.438666330654715E-4	8.627426341105638E-4	0.0010016180760854241	0.9931347016304326	3.335853498443857E-4	1.1749079355537087E-4	7.000690982835553E-4	0.0016831135609179837
57	abstract	0.9924721107343469	0.0011244399044298874	4.438666330654715E-4	8.627426341105638E-4	0.0010016180760854241	0.0012609632153603128	3.335853498443857E-4	1.1749079355537087E-4	7.000690982835553E-4	0.0016831135609179837
58	sentinel	0.9838427542639852	0.0024134058313195483	9.526790327772274E-4	0.001851720217227715	0.0021497911058263736	0.0027064282982495144	7.15980307516213E-4	2.521726285022409E-4	0.0015025710466765986	0.0036124972679193574
59	sentinel	0.9838427542639852	0.0024134058313195483	9.526790327772274E-4	0.001851720217227715	0.0021497911058263736	0.0027064282982495144	7.15980307516213E-4	2.521726285022409E-4	0.0015025710466765986	0.0036124972679193574
60	sentinel	4.104659723024836E-4	7.713330042187766E-4	3.0447957441394005E-4	5.918163035787351E-4	6.870808094439825E-4	0.9952906053979456	2.288298281172264E-4	8.059526027499058E-5	4.802269988929006E-4	0.0011545668508113507
61	spring	3.7157123958541873E-4	6.982434107826816E-4	2.7562784865892744E-4	5.357372653671747E-4	6.219747440411853E-4	0.9957368558953464	2.0714648381371236E-4	7.295825424237367E-5	4.347218851299185E-4	0.0010451629730321768
62	sentinel	4.584554273813565E-4	8.615130752954872E-4	3.4007767473102137E-4	6.610082557306345E-4	7.674105708987743E-4	0.9947400085252347	2.555833704280257E-4	9.001802095071964E-5	5.363725348109175E-4	0.0012895525445383235
63	sentinel	5.191518451976056E-4	9.755716171933882E-4	3.851016735815843E-4	7.485213068880439E-4	8.690105735728236E-4	0.9940436210005285	2.894208911811183E-4	1.0193580201359234E-4	6.073846540566193E-4	0.0014602806357867603
64	common	5.983723192747182E-4	0.0011244399044298874	4.438666330654715E-4	8.627426341105638E-4	0.0010016180760854241	0.9931347016304326	3.335853498443857E-4	1.1749079355537087E-4	7.000690982835553E-4	0.0016831135609179837
65	common	5.559541413823881E-4	0.0010447291785842226	4.124012507351825E-4	8.015834371521267E-4	9.306141001945226E-4	0.9936213776315505	3.0993772735889787E-4	1.0916195677397781E-4	6.504417097975559E-4	0.0015637988664706387
66	common	5.559541413823881E-4	0.0010447291785842226	4.124012507351825E-4	8.015834371521267E-4	9.306141001945226E-4	0.9936213776315505	3.0993772735889787E-4	1.0916195677397781E-4	6.504417097975559E-4	0.0015637988664706387
67	connection	0.0015357995360787689	0.0028860196702699312	0.0011392408157667904	0.002214339959489435	0.394227943337217	0.5907221668460897	8.561897150500881E-4	3.0155523646979113E-4	0.0017968174023660808	0.004319927481202487
68	async	7.759922402774232E-4	0.0014582169201167226	5.756233232753168E-4	0.0011188378336714744	0.0012989368487265353	0.694258351578784	4.3260631317844757E-4	1.5236658041520567E-4	9.078765351052969E-4	0.2990211918264495
69	async	0.0011035760662588044	0.0020738007533156796	8.186217461657729E-4	0.0015911533533160918	0.0018472808662671149	0.8466222441957711	6.152303445270488E-4	2.166878774249137E-4	0.001291135095502999	0.14382026970145045
70	context	0.001284297399041527	0.0024134058313195483	9.526790327772274E-4	0.001851720217227715	0.0021497911058263736	0.9852648851631932	7.15980307516213E-4	2.521726285022409E-4	0.0015025710466765986	0.0036124972679193574
71	ct	5.559541413823881E-4	0.0010447291785842226	4.124012507351825E-4	8.015834371521267E-4	9.306141001945226E-4	0.9936213776315505	3.0993772735889787E-4	1.0916195677397781E-4	6.504417097975559E-4	0.0015637988664706387
72	ct	4.331355006929492E-4	8.139327728172684E-4	3.212956050285488E-4	6.245015866502189E-4	7.250274334451464E-4	0.9950305113540123	2.4146781673292108E-4	8.504643689918699E-5	5.067493425702668E-4	0.0012183321511512056
73	authority	9.674414673017916E-4	0.0018179814740643175	7.176384551004228E-4	0.0013948723444617427	0.00161940455798257	0.9889002647445836	5.393369477969924E-4	1.89957760495059E-4	0.0011318636471637008	0.0027212386010497655
74	authority	9.674414673017916E-4	0.0018179814740643175	7.176384551004228E-4	0.0013948723444617427	0.00161940455798257	0.9889002647445836	5.393369477969924E-4	1.89957760495059E-4	0.0011318636471637008	0.0027212386010497655
75	authority	6.477979978821961E-4	0.001217318875497831	4.8053010970668493E-4	9.340053559660855E-4	0.001084351938467367	0.9925676265505393	3.611395694472514E-4	1.271955576538238E-4	7.578949520876383E-4	0.0018221390927518303
76	flow	5.983723192747182E-4	0.0011244399044298874	4.438666330654715E-4	8.627426341105638E-4	0.0010016180760854241	0.9931347016304326	3.335853498443857E-4	1.1749079355537087E-4	7.000690982835553E-4	0.0016831135609179837
77	flow	4.869194158877619E-4	9.150015865197868E-4	3.6119197820894003E-4	7.020480826582478E-4	8.150565673580694E-4	0.9944134329675264	2.7145170065992014E-4	9.560694358240498E-5	5.696741400579412E-4	0.0013696166175405867
78	flow	6.477979978821961E-4	0.001217318875497831	4.8053010970668493E-4	9.340053559660855E-4	0.001084351938467367	0.9925676265505393	3.611395694472514E-4	1.271955576538238E-4	7.578949520876383E-4	0.0018221390927518303
79	system	5.983723192747182E-4	0.0011244399044298874	4.438666330654715E-4	8.627426341105638E-4	0.0010016180760854241	0.9931347016304326	3.335853498443857E-4	1.1749079355537087E-4	7.000690982835553E-4	0.0016831135609179837
80	tracer	6.477979978821961E-4	0.001217318875497831	4.8053010970668493E-4	9.340053559660855E-4	0.001084351938467367	0.9925676265505393	3.611395694472514E-4	1.271955576538238E-4	7.578949520876383E-4	0.0018221390927518303
81	method	0.0011035760662588044	0.0020738007533156796	8.186217461657729E-4	0.0015911533533160918	0.0018472808662671149	0.987338353188591	6.152303445270488E-4	2.166878774249137E-4	0.001291135095502999	0.003104160708630553
82	in	0.0011035760662588044	0.0020738007533156796	8.186217461657729E-4	0.0015911533533160918	0.0018472808662671149	0.0023255902388517836	6.152303445270488E-4	2.166878774249137E-4	0.001291135095502999	0.9881169236583698
83	sentinel	4.104659723024836E-4	7.713330042187766E-4	3.0447957441394005E-4	5.918163035787351E-4	6.870808094439825E-4	0.9952906053979456	2.288298281172264E-4	8.059526027499058E-5	4.802269988929006E-4	0.0011545668508113507
84	resource	4.584554273813565E-4	8.615130752954872E-4	3.4007767473102137E-4	6.610082557306345E-4	7.674105708987743E-4	0.29325255304122877	2.555833704280257E-4	9.001802095071964E-5	5.363725348109175E-4	0.7027770080285443
85	sentinel	3.900513883933439E-4	7.329706468029248E-4	2.893362391805095E-4	5.6238223497511E-4	6.529087469997483E-4	0.9955248278128406	2.174489438485285E-4	7.658684346437548E-5	4.563428403368562E-4	0.001097144303158046
86	resource	4.584554273813565E-4	8.615130752954872E-4	3.4007767473102137E-4	6.610082557306345E-4	7.674105708987743E-4	0.29325255304122877	2.555833704280257E-4	9.001802095071964E-5	5.363725348109175E-4	0.7027770080285443
87	consul	3.7157123958541873E-4	6.982434107826816E-4	2.7562784865892744E-4	5.357372653671747E-4	6.219747440411853E-4	0.9957368558953464	2.0714648381371236E-4	7.295825424237367E-5	4.347218851299185E-4	0.0010451629730321768
88	etcd	0.3870344847991893	8.139327728172684E-4	3.212956050285488E-4	6.245015866502189E-4	7.250274334451464E-4	0.608429162055516	2.4146781673292108E-4	8.504643689918699E-5	5.067493425702668E-4	0.0012183321511512056
89	sentinel	3.253300432472011E-4	6.113486051300867E-4	2.4132658928175215E-4	4.690659802020904E-4	5.445714006373441E-4	0.12513330260392921	1.813675746616242E-4	6.387876530593341E-5	3.8062173446906124E-4	0.8720491867031358
90	standalone	3.004067515598861E-4	5.645136449886632E-4	2.2283873947685803E-4	4.3313118571312935E-4	5.028521922691789E-4	0.11554693372921385	1.674731401950299E-4	5.8985060794494905E-5	3.5146258760387E-4	0.8818514029681852
91	parameter	8.612051818032027E-4	0.0016183460382911327	6.38833435491901E-4	0.0012416991948410046	0.001441575169048712	0.9901191443186027	4.801115001573523E-4	1.690981968328675E-4	0.0010075719007070164	0.0024224150642241297
92	param	7.759922402774232E-4	0.0014582169201167226	5.756233232753168E-4	0.0011188378336714744	0.0012989368487265353	0.9910968169977667	4.3260631317844757E-4	1.5236658041520567E-4	9.078765351052969E-4	0.0021827264074667577
93	param	7.759922402774232E-4	0.0014582169201167226	5.756233232753168E-4	0.0011188378336714744	0.0012989368487265353	0.9910968169977667	4.3260631317844757E-4	1.5236658041520567E-4	9.078765351052969E-4	0.0021827264074667577
94	param	4.869194158877619E-4	9.150015865197868E-4	3.6119197820894003E-4	7.020480826582478E-4	8.150565673580694E-4	0.9944134329675264	2.7145170065992014E-4	9.560694358240498E-5	5.696741400579412E-4	0.0013696166175405867
95	param	4.331355006929492E-4	8.139327728172684E-4	3.212956050285488E-4	6.245015866502189E-4	7.250274334451464E-4	0.9950305113540123	2.4146781673292108E-4	8.504643689918699E-5	5.067493425702668E-4	0.0012183321511512056
96	param	5.983723192747182E-4	0.0011244399044298874	4.438666330654715E-4	8.627426341105638E-4	0.0010016180760854241	0.9931347016304326	3.335853498443857E-4	1.1749079355537087E-4	7.000690982835553E-4	0.0016831135609179837
97	abstrace	3.7157123958541873E-4	6.982434107826816E-4	0.9952294634572866	5.357372653671747E-4	6.219747440411853E-4	7.830202867187391E-4	2.0714648381371236E-4	7.295825424237367E-5	4.347218851299185E-4	0.0010451629730321768
98	transport	0.9424978967545001	7.713330042187766E-4	3.0447957441394005E-4	5.918163035787351E-4	6.870808094439825E-4	8.649840167370943E-4	2.288298281172264E-4	8.059526027499058E-5	4.802269988929006E-4	0.05349275744982233
99	heartbeat	0.9161741308562645	0.0011244399044298874	4.438666330654715E-4	8.627426341105638E-4	0.0010016180760854241	0.0012609632153603128	3.335853498443857E-4	1.1749079355537087E-4	0.07699804897636604	0.0016831135609179837
100	application	7.061239867378263E-4	0.2714388516161559	5.237957479383173E-4	0.0010181006853145463	0.0011819840696029901	0.0014880306860437895	3.9365560464922806E-4	1.3864790345059444E-4	8.261337744886312E-4	0.7222846759256181
101	per	7.061239867378263E-4	0.00132692299190164	5.237957479383173E-4	0.0010181006853145463	0.0011819840696029901	0.18156264976887998	3.9365560464922806E-4	1.3864790345059444E-4	8.261337744886312E-4	0.8123219854670362
102	rest	0.001284297399041527	0.0024134058313195483	9.526790327772274E-4	0.001851720217227715	0.0021497911058263736	0.0027064282982495144	7.15980307516213E-4	2.521726285022409E-4	0.0015025710466765986	0.986170954132863
103	source	4.584554273813565E-4	0.5269771046883	3.4007767473102137E-4	6.610082557306345E-4	7.674105708987743E-4	9.661132562263008E-4	2.555833704280257E-4	9.001802095071964E-5	5.363725348109175E-4	0.4689478562005423
104	bucket	9.674414673017916E-4	0.9886795354294181	7.176384551004228E-4	0.0013948723444617427	0.00161940455798257	0.002038710789229699	5.393369477969924E-4	1.89957760495059E-4	0.0011318636471637008	0.0027212386010497655
105	bucket	5.191518451976056E-4	9.755716171933882E-4	3.851016735815843E-4	7.485213068880439E-4	8.690105735728236E-4	0.0010940201591779597	2.894208911811183E-4	1.0193580201359234E-4	6.073846540566193E-4	0.9944098814771372
106	hive	5.559541413823881E-4	0.5681589024243623	4.124012507351825E-4	8.015834371521267E-4	9.306141001945226E-4	0.0011715744514387626	0.4256455676616924	1.0916195677397781E-4	6.504417097975559E-4	0.0015637988664706387
107	hive	0.0011035760662588044	0.0020738007533156796	8.186217461657729E-4	0.0015911533533160918	0.0018472808662671149	0.0023255902388517836	0.5634796663158066	2.166878774249137E-4	0.001291135095502999	0.42525248768709023
108	hive	1.4231660422969088E-4	2.67436282902903E-4	1.0556904107013413E-4	2.0519432142118108E-4	2.3822439429740588E-4	2.9990692598572935E-4	0.9981465933768748	2.794395768059471E-5	1.665041205693133E-4	4.0031097496810795E-4
109	j	3.7157123958541873E-4	6.982434107826816E-4	2.7562784865892744E-4	5.357372653671747E-4	6.219747440411853E-4	7.830202867187391E-4	2.0714648381371236E-4	7.295825424237367E-5	0.9953885574937577	0.0010451629730321768
110	j	5.191518451976056E-4	9.755716171933882E-4	3.851016735815843E-4	7.485213068880439E-4	8.690105735728236E-4	0.0010940201591779597	2.894208911811183E-4	1.0193580201359234E-4	0.993556985495407	0.0014602806357867603
111	j	2.442673367436548E-4	4.5901846047339905E-4	0.9968638954472713	3.521884932525435E-4	4.088801771048556E-4	5.14749958221861E-4	1.3617609364342673E-4	4.796205023062399E-5	2.8578195993679735E-4	6.870800231215437E-4
112	jdbc	2.790304380542186E-4	5.243440396424293E-4	0.9964175782206606	4.023104802302846E-4	4.6707028639275477E-4	5.880070100480497E-4	1.5555610327758928E-4	5.478780775292129E-5	3.2645324803636113E-4	7.848623659048719E-4
113	jdbc	2.2994353997171765E-4	4.3210169284478876E-4	0.9970477961065558	3.3153621747136395E-4	3.849035102324037E-4	4.8456510465844403E-4	1.2819074973069664E-4	4.5149563430598534E-5	2.69023752434349E-4	6.467897626698194E-4
114	jdbc	3.900513883933439E-4	7.329706468029248E-4	2.893362391805095E-4	5.6238223497511E-4	6.529087469997483E-4	8.21963912803287E-4	2.174489438485285E-4	7.658684346437548E-5	0.9951592067403742	0.001097144303158046
115	jdbc	5.559541413823881E-4	0.0010447291785842226	4.124012507351825E-4	8.015834371521267E-4	9.306141001945226E-4	0.0011715744514387626	3.0993772735889787E-4	1.0916195677397781E-4	0.9931002448899092	0.0015637988664706387
116	jdbc	2.893242925536909E-4	5.43687883595023E-4	0.9962854172678648	4.1715232177267096E-4	4.8430121504226516E-4	6.096994771792817E-4	1.6129480298651938E-4	5.6809012770146124E-5	3.384966016561317E-4	8.138171245795024E-4
117	jdbc	5.191518451976056E-4	0.5305486920659136	0.19897502184185167	7.485213068880439E-4	8.690105735728236E-4	0.0010940201591779597	0.1326827010033612	1.0193580201359234E-4	0.13300066476623668	0.0014602806357867603
118	jdbc	2.442673367436548E-4	4.5901846047339905E-4	0.9968638954472713	3.521884932525435E-4	4.088801771048556E-4	5.14749958221861E-4	1.3617609364342673E-4	4.796205023062399E-5	2.8578195993679735E-4	6.870800231215437E-4
119	jdbc	6.477979978821961E-4	0.001217318875497831	4.8053010970668493E-4	9.340053559660855E-4	0.001084351938467367	0.001365119040438908	3.611395694472514E-4	1.271955576538238E-4	0.991960402462188	0.0018221390927518303
120	jdbc	2.790304380542186E-4	5.243440396424293E-4	0.9964175782206606	4.023104802302846E-4	4.6707028639275477E-4	5.880070100480497E-4	1.5555610327758928E-4	5.478780775292129E-5	3.2645324803636113E-4	7.848623659048719E-4
121	jdbc	1.5345542884145623E-4	2.883679645306495E-4	0.9980298132552382	2.212544541794914E-4	2.5686972216118893E-4	3.233800173125655E-4	8.554955044986863E-5	3.0131073128208804E-5	1.795360517778777E-4	4.3164248238053876E-4
122	jdbc	2.6944390680267696E-4	5.063293722905649E-4	0.9965406579770603	3.884884684868886E-4	4.510233492614709E-4	5.678051008324829E-4	1.5021172774695672E-4	5.2905486114861224E-5	3.152374312735328E-4	7.578971801302507E-4
123	jdbc	3.004067515598861E-4	5.645136449886632E-4	0.9961431315631607	4.3313118571312935E-4	5.028521922691789E-4	6.330537880195445E-4	1.674731401950299E-4	5.8985060794494905E-5	3.5146258760387E-4	8.44990085695508E-4
124	jdbc	4.331355006929492E-4	8.139327728172684E-4	3.212956050285488E-4	6.245015866502189E-4	7.250274334451464E-4	9.127560150216934E-4	2.4146781673292108E-4	8.504643689918699E-5	0.9946245046815609	0.0012183321511512056
125	jdbc	3.253300432472011E-4	6.113486051300867E-4	0.9958231458885651	4.690659802020904E-4	5.445714006373441E-4	6.855751915187781E-4	1.813675746616242E-4	6.387876530593341E-5	3.8062173446906124E-4	9.15094816262724E-4
126	jdbc	1.9078660592285283E-4	3.5851938002483605E-4	0.97322347615051	0.024602127946860657	3.1935854485872736E-4	4.0204883197765583E-4	1.0636123134763263E-4	3.7461073996172877E-5	2.2321187473191124E-4	5.366483597695331E-4
127	unsigned	4.331355006929492E-4	8.139327728172684E-4	0.9944390509440192	6.245015866502189E-4	7.250274334451464E-4	9.127560150216934E-4	2.4146781673292108E-4	8.504643689918699E-5	5.067493425702668E-4	0.0012183321511512056
128	r	8.612051818032027E-4	0.0016183460382911327	6.38833435491901E-4	0.0012416991948410046	0.001441575169048712	0.0018148367164574012	4.801115001573523E-4	1.690981968328675E-4	0.0010075719007070164	0.9907267226663693
129	delimit	0.0011035760662588044	0.0020738007533156796	8.186217461657729E-4	0.0015911533533160918	0.0018472808662671149	0.0023255902388517836	6.152303445270488E-4	2.166878774249137E-4	0.8455877890524223	0.14382026970145045
130	enumerate	0.0011035760662588044	0.0020738007533156796	8.186217461657729E-4	0.0015911533533160918	0.0018472808662671149	0.0023255902388517836	6.152303445270488E-4	2.166878774249137E-4	0.9863038980452422	0.003104160708630553
131	generic	9.674414673017916E-4	0.0018179814740643175	7.176384551004228E-4	0.0013948723444617427	0.00161940455798257	0.002038710789229699	5.393369477969924E-4	1.89957760495059E-4	0.9879934176025175	0.0027212386010497655
132	kryo	5.983723192747182E-4	0.0011244399044298874	0.9923176050481378	8.627426341105638E-4	0.0010016180760854241	0.0012609632153603128	3.335853498443857E-4	1.1749079355537087E-4	7.000690982835553E-4	0.0016831135609179837
133	filesystem	8.612051818032027E-4	0.2212415255054345	6.38833435491901E-4	0.0012416991948410046	0.001441575169048712	0.7704959648514592	4.801115001573523E-4	1.690981968328675E-4	0.0010075719007070164	0.0024224150642241297
134	abstract	7.061239867378263E-4	0.9917373279475005	5.237957479383173E-4	0.0010181006853145463	0.0011819840696029901	0.0014880306860437895	3.9365560464922806E-4	1.3864790345059444E-4	8.261337744886312E-4	0.0019861995942734457
135	file	8.612051818032027E-4	0.9899226536404363	6.38833435491901E-4	0.0012416991948410046	0.001441575169048712	0.0018148367164574012	4.801115001573523E-4	1.690981968328675E-4	0.0010075719007070164	0.0024224150642241297
136	safety	6.477979978821961E-4	0.001217318875497831	4.8053010970668493E-4	9.340053559660855E-4	0.001084351938467367	0.001365119040438908	3.611395694472514E-4	1.271955576538238E-4	0.5789593576663128	0.41482318388862693
137	plugin	6.477979978821961E-4	0.9924198263855981	4.8053010970668493E-4	9.340053559660855E-4	0.001084351938467367	0.001365119040438908	3.611395694472514E-4	1.271955576538238E-4	7.578949520876383E-4	0.0018221390927518303
138	hadoop	6.477979978821961E-4	0.9924198263855981	4.8053010970668493E-4	9.340053559660855E-4	0.001084351938467367	0.001365119040438908	3.611395694472514E-4	1.271955576538238E-4	7.578949520876383E-4	0.0018221390927518303
139	hadoop	1.2427515510341633E-4	0.9985458009213979	9.21860736076554E-5	1.79181875923635E-4	2.0802473267944293E-4	2.6188778143773075E-4	6.92818998418699E-5	2.4401507426037273E-5	1.4539642455010457E-4	3.4956362803225576E-4
140	avro	5.559541413823881E-4	0.0010447291785842226	4.124012507351825E-4	8.015834371521267E-4	9.306141001945226E-4	0.0011715744514387626	3.0993772735889787E-4	1.0916195677397781E-4	0.9931002448899092	0.0015637988664706387
141	avro	5.559541413823881E-4	0.0010447291785842226	4.124012507351825E-4	8.015834371521267E-4	9.306141001945226E-4	0.0011715744514387626	3.0993772735889787E-4	1.0916195677397781E-4	0.9931002448899092	0.0015637988664706387
142	avro	7.759922402774232E-4	0.0014582169201167226	5.756233232753168E-4	0.0011188378336714744	0.0012989368487265353	0.0016352656011576544	0.9898941577097875	1.5236658041520567E-4	9.078765351052969E-4	0.0021827264074667577
143	abstract	9.674414673017916E-4	0.9886795354294181	7.176384551004228E-4	0.0013948723444617427	0.00161940455798257	0.002038710789229699	5.393369477969924E-4	1.89957760495059E-4	0.0011318636471637008	0.0027212386010497655
144	orc	3.123720461631451E-4	5.869983995248886E-4	2.317144759675139E-4	4.503829359218237E-4	5.228809519130709E-4	6.582685178284812E-4	1.7414364759927824E-4	6.133445416176274E-5	0.9961232582665821	8.786463043379982E-4
145	continuous	7.061239867378263E-4	0.9917373279475005	5.237957479383173E-4	0.0010181006853145463	0.0011819840696029901	0.0014880306860437895	3.9365560464922806E-4	1.3864790345059444E-4	8.261337744886312E-4	0.0019861995942734457
146	h	6.477979978821961E-4	0.9924198263855981	4.8053010970668493E-4	9.340053559660855E-4	0.001084351938467367	0.001365119040438908	3.611395694472514E-4	1.271955576538238E-4	7.578949520876383E-4	0.0018221390927518303
147	sequential	0.0011035760662588044	0.987086563703055	8.186217461657729E-4	0.0015911533533160918	0.0018472808662671149	0.0023255902388517836	6.152303445270488E-4	2.166878774249137E-4	0.001291135095502999	0.003104160708630553
148	csv	8.612051818032027E-4	0.8801110639068646	6.38833435491901E-4	0.0012416991948410046	0.001441575169048712	0.0018148367164574012	4.801115001573523E-4	1.690981968328675E-4	0.11081916163427871	0.0024224150642241297
149	print	3.004067515598861E-4	5.645136449886632E-4	0.9961431315631607	4.3313118571312935E-4	5.028521922691789E-4	6.330537880195445E-4	1.674731401950299E-4	5.8985060794494905E-5	3.5146258760387E-4	8.44990085695508E-4
150	kubernete	0.0011035760662588044	0.7056543457174151	8.186217461657729E-4	0.0015911533533160918	0.0018472808662671149	0.0023255902388517836	6.152303445270488E-4	2.166878774249137E-4	0.001291135095502999	0.2845363786942703
151	n	0.001284297399041527	0.0024134058313195483	9.526790327772274E-4	0.001851720217227715	0.9847082479707701	0.0027064282982495144	7.15980307516213E-4	2.521726285022409E-4	0.0015025710466765986	0.0036124972679193574
152	n	9.674414673017916E-4	0.0018179814740643175	7.176384551004228E-4	0.0013948723444617427	0.7417655700244979	0.002038710789229699	5.393369477969924E-4	1.89957760495059E-4	0.24784725213600217	0.0027212386010497655
153	c	0.9838427542639852	0.0024134058313195483	9.526790327772274E-4	0.001851720217227715	0.0021497911058263736	0.0027064282982495144	7.15980307516213E-4	2.521726285022409E-4	0.0015025710466765986	0.0036124972679193574
154	euclidean	6.477979978821961E-4	0.001217318875497831	4.8053010970668493E-4	9.340053559660855E-4	0.001084351938467367	0.001365119040438908	0.9915636470795476	1.271955576538238E-4	7.578949520876383E-4	0.0018221390927518303
155	incremental	7.061239867378263E-4	0.00132692299190164	5.237957479383173E-4	0.0010181006853145463	0.0011819840696029901	0.0014880306860437895	0.9908040605602482	1.3864790345059444E-4	8.261337744886312E-4	0.0019861995942734457
156	music	1.0727596305237886E-4	2.0158916072262494E-4	7.957624207388225E-5	1.5467217309239465E-4	1.7956970979702636E-4	2.260650082633545E-4	0.9986029319523216	2.1063705025188598E-5	1.255081231240904E-4	3.017479625274908E-4
157	single	5.983723192747182E-4	0.0011244399044298874	4.438666330654715E-4	8.627426341105638E-4	0.0010016180760854241	0.0012609632153603128	0.9922073237649166	1.1749079355537087E-4	7.000690982835553E-4	0.0016831135609179837
158	meso	7.759922402774232E-4	0.8919736131770648	5.756233232753168E-4	0.10006499297333238	0.0012989368487265353	0.0016352656011576544	4.3260631317844757E-4	1.5236658041520567E-4	9.078765351052969E-4	0.0021827264074667577
159	prometheus	8.612051818032027E-4	0.0016183460382911327	6.38833435491901E-4	0.0012416991948410046	0.001441575169048712	0.0018148367164574012	4.801115001573523E-4	1.690981968328675E-4	0.0010075719007070164	0.9907267226663693
160	prometheus	0.0011035760662588044	0.0020738007533156796	8.186217461657729E-4	0.0015911533533160918	0.0018472808662671149	0.0023255902388517836	6.152303445270488E-4	2.166878774249137E-4	0.001291135095502999	0.9881169236583698
161	prometheus	9.674414673017916E-4	0.0018179814740643175	7.176384551004228E-4	0.0013948723444617427	0.00161940455798257	0.002038710789229699	5.393369477969924E-4	1.89957760495059E-4	0.0011318636471637008	0.9895827925564036
162	python	5.983723192747182E-4	0.9929981783195021	4.438666330654715E-4	8.627426341105638E-4	0.0010016180760854241	0.0012609632153603128	3.335853498443857E-4	1.1749079355537087E-4	7.000690982835553E-4	0.0016831135609179837
163	kv	8.612051818032027E-4	0.0016183460382911327	6.38833435491901E-4	0.0012416991948410046	0.001441575169048712	0.0018148367164574012	4.801115001573523E-4	1.690981968328675E-4	0.0010075719007070164	0.9907267226663693
164	client	4.869194158877619E-4	9.150015865197868E-4	3.6119197820894003E-4	7.020480826582478E-4	8.150565673580694E-4	0.0010260960483991079	2.7145170065992014E-4	9.560694358240498E-5	5.696741400579412E-4	0.9947569535366679
165	blob	5.983723192747182E-4	0.8404022185633372	4.438666330654715E-4	8.627426341105638E-4	0.0010016180760854241	0.0012609632153603128	3.335853498443857E-4	1.1749079355537087E-4	0.1532960288544485	0.0016831135609179837
166	channel	0.0011035760662588044	0.0020738007533156796	8.186217461657729E-4	0.0015911533533160918	0.0018472808662671149	0.0023255902388517836	6.152303445270488E-4	2.166878774249137E-4	0.9863038980452422	0.003104160708630553
167	container	7.759922402774232E-4	0.7930274580374039	0.19846793360259712	0.0011188378336714744	0.0012989368487265353	0.0016352656011576544	4.3260631317844757E-4	1.5236658041520567E-4	9.078765351052969E-4	0.0021827264074667577
168	dispatcher	0.0011035760662588044	0.0020738007533156796	8.186217461657729E-4	0.0015911533533160918	0.9868600438160063	0.0023255902388517836	6.152303445270488E-4	2.166878774249137E-4	0.001291135095502999	0.003104160708630553
169	dispatcher	3.900513883933439E-4	7.329706468029248E-4	2.893362391805095E-4	5.6238223497511E-4	0.9953557726470371	8.21963912803287E-4	2.174489438485285E-4	7.658684346437548E-5	4.563428403368562E-4	0.001097144303158046
170	default	7.061239867378263E-4	0.00132692299190164	5.237957479383173E-4	0.0010181006853145463	0.9915923890252019	0.0014880306860437895	3.9365560464922806E-4	1.3864790345059444E-4	8.261337744886312E-4	0.0019861995942734457
171	default	2.521199489800894E-4	4.7377480910156417E-4	1.8702006974198439E-4	3.6351051325126613E-4	0.9969980817960833	5.312979415688084E-4	1.4055383023936155E-4	4.950391574382086E-5	2.94969168285931E-4	7.091680070038757E-4
172	session	4.869194158877619E-4	9.150015865197868E-4	3.6119197820894003E-4	7.020480826582478E-4	0.9942023934864853	0.0010260960483991079	2.7145170065992014E-4	9.560694358240498E-5	5.696741400579412E-4	0.0013696166175405867
173	zoo	4.331355006929492E-4	8.139327728172684E-4	3.212956050285488E-4	6.245015866502189E-4	0.9948427827724358	9.127560150216934E-4	2.4146781673292108E-4	8.504643689918699E-5	5.067493425702668E-4	0.0012183321511512056
174	execution	5.559541413823881E-4	0.0010447291785842226	4.124012507351825E-4	8.015834371521267E-4	9.306141001945226E-4	0.0011715744514387626	3.0993772735889787E-4	1.0916195677397781E-4	6.504417097975559E-4	0.9940136020465823
175	execution	5.983723192747182E-4	0.0011244399044298874	4.438666330654715E-4	8.627426341105638E-4	0.0010016180760854241	0.0012609632153603128	3.335853498443857E-4	1.1749079355537087E-4	7.000690982835553E-4	0.9935568519759902
176	execution	0.0015357995360787689	0.0028860196702699312	0.0011392408157667904	0.002214339959489435	0.0025707816471935807	0.0032364243110544967	8.561897150500881E-4	3.0155523646979113E-4	0.0017968174023660808	0.983462831706261
177	failure	9.674414673017916E-4	0.0018179814740643175	7.176384551004228E-4	0.0013948723444617427	0.00161940455798257	0.002038710789229699	5.393369477969924E-4	1.89957760495059E-4	0.0011318636471637008	0.9895827925564036
178	fix	9.674414673017916E-4	0.0018179814740643175	7.176384551004228E-4	0.0013948723444617427	0.00161940455798257	0.002038710789229699	5.393369477969924E-4	1.89957760495059E-4	0.0011318636471637008	0.9895827925564036
179	file	5.191518451976056E-4	0.3981554119537336	3.851016735815843E-4	7.485213068880439E-4	8.690105735728236E-4	0.0010940201591779597	2.894208911811183E-4	1.0193580201359234E-4	6.073846540566193E-4	0.597230041140597
180	file	0.0011035760662588044	0.0020738007533156796	8.186217461657729E-4	0.0015911533533160918	0.14256338985908704	0.0023255902388517836	6.152303445270488E-4	2.166878774249137E-4	0.001291135095502999	0.8474008146655498
181	embed	5.559541413823881E-4	0.0010447291785842226	4.124012507351825E-4	8.015834371521267E-4	0.9933804172803062	0.0011715744514387626	3.0993772735889787E-4	1.0916195677397781E-4	6.504417097975559E-4	0.0015637988664706387
182	standalone	5.559541413823881E-4	0.0010447291785842226	4.124012507351825E-4	8.015834371521267E-4	0.9933804172803062	0.0011715744514387626	3.0993772735889787E-4	1.0916195677397781E-4	6.504417097975559E-4	0.0015637988664706387
183	zoo	9.674414673017916E-4	0.0018179814740643175	7.176384551004228E-4	0.0013948723444617427	0.00161940455798257	0.002038710789229699	5.393369477969924E-4	1.89957760495059E-4	0.0011318636471637008	0.9895827925564036
184	channel	3.5476301017104973E-4	6.666579860102975E-4	2.6315967130909464E-4	0.9956936045261091	5.938393743622724E-4	7.475999333298219E-4	1.9777609867247932E-4	6.965794747927241E-5	4.1505700152680834E-4	9.978844510299637E-4
185	file	5.983723192747182E-4	0.0011244399044298874	4.438666330654715E-4	0.9927364810491828	0.0010016180760854241	0.0012609632153603128	3.335853498443857E-4	1.1749079355537087E-4	7.000690982835553E-4	0.0016831135609179837
186	buffer	2.3688910933188987E-4	0.24208949324422635	1.7572198442680686E-4	3.415504487654448E-4	3.9652972955398906E-4	4.992016565021631E-4	1.3206282086475219E-4	4.6513330485882144E-5	0.7554157112775334	6.663263983092686E-4
187	buffer	4.869194158877619E-4	9.150015865197868E-4	3.6119197820894003E-4	7.020480826582478E-4	8.150565673580694E-4	0.0010260960483991079	2.7145170065992014E-4	9.560694358240498E-5	0.9939570110591852	0.0013696166175405867
188	i	0.0011035760662588044	0.0020738007533156796	8.186217461657729E-4	0.9866039163030553	0.0018472808662671149	0.0023255902388517836	6.152303445270488E-4	2.166878774249137E-4	0.001291135095502999	0.003104160708630553
189	i	4.104659723024836E-4	7.713330042187766E-4	3.0447957441394005E-4	0.9950174376847873	6.870808094439825E-4	8.649840167370943E-4	2.288298281172264E-4	8.059526027499058E-5	4.802269988929006E-4	0.0011545668508113507
190	spill	3.5476301017104973E-4	6.666579860102975E-4	2.6315967130909464E-4	0.9956936045261091	5.938393743622724E-4	7.475999333298219E-4	1.9777609867247932E-4	6.965794747927241E-5	4.1505700152680834E-4	9.978844510299637E-4
191	record	7.061239867378263E-4	0.00132692299190164	5.237957479383173E-4	0.0010181006853145463	0.9915923890252019	0.0014880306860437895	3.9365560464922806E-4	1.3864790345059444E-4	8.261337744886312E-4	0.0019861995942734457
192	abstract	5.191518451976056E-4	9.755716171933882E-4	3.851016735815843E-4	7.485213068880439E-4	0.8614253313027432	0.0010940201591779597	2.894208911811183E-4	1.0193580201359234E-4	0.13300066476623668	0.0014602806357867603
193	buffer	2.2994353997171765E-4	4.3210169284478876E-4	1.705698301788311E-4	0.11761120989704511	0.8799824561070355	4.8456510465844403E-4	1.2819074973069664E-4	4.5149563430598534E-5	2.69023752434349E-4	6.467897626698194E-4
194	local	1.7009683578673033E-4	3.1963990247357415E-4	1.2617614044590106E-4	0.10868981145701812	0.8895301437606747	3.5844882202476714E-4	9.48269340769568E-5	3.3398624191145685E-5	1.9900576048443807E-4	4.78451762823684E-4
195	netty	2.893242925536909E-4	5.43687883595023E-4	2.1461788164852725E-4	4.1715232177267096E-4	0.6276399897174747	6.096994771792817E-4	1.6129480298651938E-4	5.6809012770146124E-5	0.36925360748543995	8.138171245795024E-4
196	netty	2.893242925536909E-4	5.43687883595023E-4	2.1461788164852725E-4	4.1715232177267096E-4	0.5907484786290964	6.096994771792817E-4	1.6129480298651938E-4	5.6809012770146124E-5	0.4061451185738183	8.138171245795024E-4
197	netty	9.674414673017916E-4	0.0018179814740643175	7.176384551004228E-4	0.0013948723444617427	0.4950501815356595	0.002038710789229699	5.393369477969924E-4	1.89957760495059E-4	0.49456264062484057	0.0027212386010497655
198	input	0.0011035760662588044	0.0020738007533156796	8.186217461657729E-4	0.0015911533533160918	0.0018472808662671149	0.0023255902388517836	6.152303445270488E-4	2.166878774249137E-4	0.7048716800596024	0.2845363786942703
199	pipelined	7.759922402774232E-4	0.0014582169201167226	5.756233232753168E-4	0.0011188378336714744	0.0012989368487265353	0.0016352656011576544	4.3260631317844757E-4	1.5236658041520567E-4	9.078765351052969E-4	0.9916442778040758
200	scheduler	5.983723192747182E-4	0.0011244399044298874	4.438666330654715E-4	8.627426341105638E-4	0.0010016180760854241	0.0012609632153603128	3.335853498443857E-4	1.1749079355537087E-4	7.000690982835553E-4	0.9935568519759902
201	job	7.759922402774232E-4	0.0014582169201167226	5.756233232753168E-4	0.0011188378336714744	0.8918143331056747	0.0016352656011576544	4.3260631317844757E-4	1.5236658041520567E-4	0.09985403167476621	0.0021827264074667577
202	job	4.104659723024836E-4	7.713330042187766E-4	3.0447957441394005E-4	5.918163035787351E-4	0.9951127021906525	8.649840167370943E-4	2.288298281172264E-4	8.059526027499058E-5	4.802269988929006E-4	0.0011545668508113507
203	job	4.584554273813565E-4	8.615130752954872E-4	3.4007767473102137E-4	6.610082557306345E-4	0.9945413058399073	9.661132562263008E-4	2.555833704280257E-4	9.001802095071964E-5	5.363725348109175E-4	0.0012895525445383235
204	bulk	5.191518451976056E-4	9.755716171933882E-4	3.851016735815843E-4	7.485213068880439E-4	8.690105735728236E-4	0.0010940201591779597	2.894208911811183E-4	1.0193580201359234E-4	6.073846540566193E-4	0.9944098814771372
205	leader	0.0015357995360787689	0.0028860196702699312	0.0011392408157667904	0.002214339959489435	0.9817136858722522	0.0032364243110544967	8.561897150500881E-4	3.0155523646979113E-4	0.0017968174023660808	0.004319927481202487
206	zoo	5.191518451976056E-4	9.755716171933882E-4	3.851016735815843E-4	7.485213068880439E-4	0.06706565062966285	0.0010940201591779597	2.894208911811183E-4	1.0193580201359234E-4	6.073846540566193E-4	0.9282132414210472
207	zoo	3.394096289069892E-4	6.378064599534749E-4	2.51770685842472E-4	4.893661485555234E-4	0.9959587492075808	7.152454136073042E-4	1.892167738252441E-4	6.664330109546392E-5	3.9709422579185696E-4	9.546981548409847E-4
208	memory	4.584554273813565E-4	8.615130752954872E-4	3.4007767473102137E-4	0.9944349035247392	7.674105708987743E-4	9.661132562263008E-4	2.555833704280257E-4	9.001802095071964E-5	5.363725348109175E-4	0.0012895525445383235
209	memory	4.869194158877619E-4	9.150015865197868E-4	3.6119197820894003E-4	0.9940893850017857	8.150565673580694E-4	0.0010260960483991079	2.7145170065992014E-4	9.560694358240498E-5	5.696741400579412E-4	0.0013696166175405867
210	metric	0.0011035760662588044	0.0020738007533156796	8.186217461657729E-4	0.0015911533533160918	0.9868600438160063	0.0023255902388517836	6.152303445270488E-4	2.166878774249137E-4	0.001291135095502999	0.003104160708630553
211	metric	0.0011035760662588044	0.0020738007533156796	8.186217461657729E-4	0.0015911533533160918	0.0018472808662671149	0.0023255902388517836	6.152303445270488E-4	2.166878774249137E-4	0.001291135095502999	0.9881169236583698
212	operator	0.001284297399041527	0.0024134058313195483	9.526790327772274E-4	0.001851720217227715	0.0021497911058263736	0.0027064282982495144	7.15980307516213E-4	2.521726285022409E-4	0.0015025710466765986	0.986170954132863
213	task	0.0011035760662588044	0.0020738007533156796	8.186217461657729E-4	0.0015911533533160918	0.0018472808662671149	0.0023255902388517836	6.152303445270488E-4	2.166878774249137E-4	0.001291135095502999	0.9881169236583698
214	task	9.674414673017916E-4	0.0018179814740643175	7.176384551004228E-4	0.0013948723444617427	0.1249770988024018	0.002038710789229699	5.393369477969924E-4	1.89957760495059E-4	0.0011318636471637008	0.8662250983119844
215	task	0.0011035760662588044	0.0020738007533156796	8.186217461657729E-4	0.0015911533533160918	0.0018472808662671149	0.0023255902388517836	6.152303445270488E-4	2.166878774249137E-4	0.001291135095502999	0.9881169236583698
216	operator	5.559541413823881E-4	0.0010447291785842226	4.124012507351825E-4	8.015834371521267E-4	0.9933804172803062	0.0011715744514387626	3.0993772735889787E-4	1.0916195677397781E-4	6.504417097975559E-4	0.0015637988664706387
217	operator	6.477979978821961E-4	0.909819617426423	4.8053010970668493E-4	9.340053559660855E-4	0.001084351938467367	0.001365119040438908	3.611395694472514E-4	1.271955576538238E-4	7.578949520876383E-4	0.08442234805192686
218	hash	3.394096289069892E-4	6.378064599534749E-4	2.51770685842472E-4	0.995879976074689	5.681392814472891E-4	7.152454136073042E-4	1.892167738252441E-4	6.664330109546392E-5	3.9709422579185696E-4	9.546981548409847E-4
219	non	3.004067515598861E-4	5.645136449886632E-4	2.2283873947685803E-4	0.9963534240093971	5.028521922691789E-4	6.330537880195445E-4	1.674731401950299E-4	5.8985060794494905E-5	3.5146258760387E-4	8.44990085695508E-4
220	re	3.123720461631451E-4	5.869983995248886E-4	2.317144759675139E-4	0.9962081797504243	5.228809519130709E-4	6.582685178284812E-4	1.7414364759927824E-4	6.133445416176274E-5	3.654614520796762E-4	8.786463043379982E-4
221	re	2.893242925536909E-4	5.43687883595023E-4	2.1461788164852725E-4	0.996487951707989	4.8430121504226516E-4	6.096994771792817E-4	1.6129480298651938E-4	5.6809012770146124E-5	3.384966016561317E-4	8.138171245795024E-4
222	reuse	3.123720461631451E-4	5.869983995248886E-4	2.317144759675139E-4	0.9962081797504243	5.228809519130709E-4	6.582685178284812E-4	1.7414364759927824E-4	6.133445416176274E-5	3.654614520796762E-4	8.786463043379982E-4
223	block	3.123720461631451E-4	5.869983995248886E-4	2.317144759675139E-4	0.9962081797504243	5.228809519130709E-4	6.582685178284812E-4	1.7414364759927824E-4	6.133445416176274E-5	3.654614520796762E-4	8.786463043379982E-4
224	non	3.123720461631451E-4	5.869983995248886E-4	2.317144759675139E-4	0.9962081797504243	5.228809519130709E-4	6.582685178284812E-4	1.7414364759927824E-4	6.133445416176274E-5	3.654614520796762E-4	8.786463043379982E-4
225	reuse	3.253300432472011E-4	6.113486051300867E-4	2.4132658928175215E-4	0.9960508852794856	5.445714006373441E-4	6.855751915187781E-4	1.813675746616242E-4	6.387876530593341E-5	3.8062173446906124E-4	9.15094816262724E-4
226	spill	3.7157123958541873E-4	6.982434107826816E-4	2.7562784865892744E-4	0.995489572873995	6.219747440411853E-4	7.830202867187391E-4	2.0714648381371236E-4	7.295825424237367E-5	4.347218851299185E-4	0.0010451629730321768
227	spill	3.394096289069892E-4	6.378064599534749E-4	2.51770685842472E-4	0.995879976074689	5.681392814472891E-4	7.152454136073042E-4	1.892167738252441E-4	6.664330109546392E-5	3.9709422579185696E-4	9.546981548409847E-4
228	abstract	2.893242925536909E-4	5.43687883595023E-4	2.1461788164852725E-4	0.996487951707989	4.8430121504226516E-4	6.096994771792817E-4	1.6129480298651938E-4	5.6809012770146124E-5	3.384966016561317E-4	8.138171245795024E-4
229	combine	3.394096289069892E-4	6.378064599534749E-4	2.51770685842472E-4	0.995879976074689	5.681392814472891E-4	7.152454136073042E-4	1.892167738252441E-4	6.664330109546392E-5	3.9709422579185696E-4	9.546981548409847E-4
230	external	3.394096289069892E-4	6.378064599534749E-4	2.51770685842472E-4	0.995879976074689	5.681392814472891E-4	7.152454136073042E-4	1.892167738252441E-4	6.664330109546392E-5	3.9709422579185696E-4	9.546981548409847E-4
231	external	3.123720461631451E-4	5.869983995248886E-4	2.317144759675139E-4	0.9962081797504243	5.228809519130709E-4	6.582685178284812E-4	1.7414364759927824E-4	6.133445416176274E-5	3.654614520796762E-4	8.786463043379982E-4
232	fix	3.004067515598861E-4	5.645136449886632E-4	2.2283873947685803E-4	0.9963534240093971	5.028521922691789E-4	6.330537880195445E-4	1.674731401950299E-4	5.8985060794494905E-5	3.5146258760387E-4	8.44990085695508E-4
233	non	2.893242925536909E-4	5.43687883595023E-4	2.1461788164852725E-4	0.996487951707989	4.8430121504226516E-4	6.096994771792817E-4	1.6129480298651938E-4	5.6809012770146124E-5	3.384966016561317E-4	8.138171245795024E-4
234	normalize	3.900513883933439E-4	7.329706468029248E-4	2.893362391805095E-4	0.9952652461350125	6.529087469997483E-4	8.21963912803287E-4	2.174489438485285E-4	7.658684346437548E-5	4.563428403368562E-4	0.001097144303158046
235	reuse	3.004067515598861E-4	5.645136449886632E-4	2.2283873947685803E-4	0.9963534240093971	5.028521922691789E-4	6.330537880195445E-4	1.674731401950299E-4	5.8985060794494905E-5	3.5146258760387E-4	8.44990085695508E-4
236	binary	1.7009683578673033E-4	3.1963990247357415E-4	1.2617614044590106E-4	0.9979352293707228	2.8472584697004303E-4	3.5844882202476714E-4	9.48269340769568E-5	3.3398624191145685E-5	1.9900576048443807E-4	4.78451762823684E-4
237	driver	1.7386784018195859E-4	3.267262393330645E-4	1.2897343398751056E-4	0.9978894539212141	2.910381479331564E-4	3.663955429444589E-4	9.692922353775888E-5	3.41390633535608E-5	2.0341766852488796E-4	4.890589189895695E-4
238	task	0.001284297399041527	0.9849718626962634	9.526790327772274E-4	0.001851720217227715	0.0021497911058263736	0.0027064282982495144	7.15980307516213E-4	2.521726285022409E-4	0.0015025710466765986	0.0036124972679193574
239	unary	2.005438878193584E-4	3.7685491589404304E-4	1.4876146071752153E-4	0.9975656388460414	3.3569130225105946E-4	4.22610567801779E-4	1.1180079830307155E-4	3.9376922634280706E-5	2.3462746218298958E-4	5.640938363544356E-4
240	hash	3.004067515598861E-4	5.645136449886632E-4	2.2283873947685803E-4	0.9963534240093971	5.028521922691789E-4	6.330537880195445E-4	1.674731401950299E-4	5.8985060794494905E-5	3.5146258760387E-4	8.44990085695508E-4
241	register	5.983723192747182E-4	0.0011244399044298874	4.438666330654715E-4	8.627426341105638E-4	0.9928753564911577	0.0012609632153603128	3.335853498443857E-4	1.1749079355537087E-4	7.000690982835553E-4	0.0016831135609179837
242	retry	6.477979978821961E-4	0.001217318875497831	4.8053010970668493E-4	9.340053559660855E-4	0.7444862325710426	0.001365119040438908	3.611395694472514E-4	1.271955576538238E-4	7.578949520876383E-4	0.24962276597027688
243	resource	1.7009683578673033E-4	3.1963990247357415E-4	1.2617614044590106E-4	2.452482968102366E-4	0.9979747069208826	3.5844882202476714E-4	9.48269340769568E-5	3.3398624191145685E-5	1.9900576048443807E-4	4.78451762823684E-4
244	resource	2.2339365619651413E-4	4.197933850421423E-4	1.6571119156099924E-4	3.220924918856175E-4	0.9973401173295146	4.7076238979451476E-4	1.2453926853711521E-4	4.3863489496936504E-5	2.613606786579305E-4	6.283661193137162E-4
245	resource	2.521199489800894E-4	4.7377480910156417E-4	1.8702006974198439E-4	3.6351051325126613E-4	0.9969980817960833	5.312979415688084E-4	1.4055383023936155E-4	4.950391574382086E-5	2.94969168285931E-4	7.091680070038757E-4
246	resource	2.3688910933188987E-4	4.4515355887533896E-4	1.7572198442680686E-4	3.415504487654448E-4	0.9971794309316271	4.992016565021631E-4	1.3206282086475219E-4	4.6513330485882144E-5	2.7714976081143325E-4	6.663263983092686E-4
247	file	9.674414673017916E-4	0.0018179814740643175	7.176384551004228E-4	0.0013948723444617427	0.00161940455798257	0.002038710789229699	5.393369477969924E-4	1.89957760495059E-4	0.0011318636471637008	0.9895827925564036
248	job	8.612051818032027E-4	0.0016183460382911327	6.38833435491901E-4	0.0012416991948410046	0.001441575169048712	0.0018148367164574012	4.801115001573523E-4	1.690981968328675E-4	0.0010075719007070164	0.9907267226663693
249	job	9.674414673017916E-4	0.0018179814740643175	7.176384551004228E-4	0.37146795507771946	0.24833479304682102	0.3721117935224874	5.393369477969924E-4	1.89957760495059E-4	0.0011318636471637008	0.0027212386010497655
250	back	4.584554273813565E-4	8.615130752954872E-4	3.4007767473102137E-4	0.11757558416973164	7.674105708987743E-4	9.661132562263008E-4	2.555833704280257E-4	0.35083374576295373	5.363725348109175E-4	0.5274051441575428
251	rest	9.674414673017916E-4	0.0018179814740643175	7.176384551004228E-4	0.0013948723444617427	0.00161940455798257	0.002038710789229699	5.393369477969924E-4	1.89957760495059E-4	0.0011318636471637008	0.9895827925564036
252	rest	2.2994353997171765E-4	4.3210169284478876E-4	1.705698301788311E-4	3.3153621747136395E-4	3.849035102324037E-4	0.2643638308836994	1.2819074973069664E-4	0.058684986403217475	2.69023752434349E-4	0.675004913420219
253	timeout	7.759922402774232E-4	0.29829668233909945	5.756233232753168E-4	0.0011188378336714744	0.19919124712804834	0.0016352656011576544	4.3260631317844757E-4	1.5236658041520567E-4	9.078765351052969E-4	0.4969135021057713
254	default	2.893242925536909E-4	5.43687883595023E-4	2.1461788164852725E-4	4.1715232177267096E-4	4.8430121504226516E-4	6.096994771792817E-4	1.6129480298651938E-4	5.6809012770146124E-5	3.384966016561317E-4	0.9968846165107959
255	executor	8.612051818032027E-4	0.0016183460382911327	6.38833435491901E-4	0.0012416991948410046	0.001441575169048712	0.0018148367164574012	4.801115001573523E-4	1.690981968328675E-4	0.0010075719007070164	0.9907267226663693
256	source	3.253300432472011E-4	6.113486051300867E-4	2.4132658928175215E-4	4.690659802020904E-4	5.445714006373441E-4	6.855751915187781E-4	1.813675746616242E-4	6.387876530593341E-5	3.8062173446906124E-4	0.9964969141155462
257	async	5.559541413823881E-4	0.7808267173915291	4.124012507351825E-4	8.015834371521267E-4	9.306141001945226E-4	0.0011715744514387626	3.0993772735889787E-4	1.0916195677397781E-4	6.504417097975559E-4	0.21423161383363742
258	java	6.477979978821961E-4	0.001217318875497831	0.991683037619807	9.340053559660855E-4	0.001084351938467367	0.001365119040438908	3.611395694472514E-4	1.271955576538238E-4	7.578949520876383E-4	0.0018221390927518303
259	state	0.0011035760662588044	0.987086563703055	8.186217461657729E-4	0.0015911533533160918	0.0018472808662671149	0.0023255902388517836	6.152303445270488E-4	2.166878774249137E-4	0.001291135095502999	0.003104160708630553
260	state	0.001284297399041527	0.9849718626962634	9.526790327772274E-4	0.001851720217227715	0.0021497911058263736	0.0027064282982495144	7.15980307516213E-4	2.521726285022409E-4	0.0015025710466765986	0.0036124972679193574
261	task	0.0011035760662588044	0.0020738007533156796	8.186217461657729E-4	0.0015911533533160918	0.0018472808662671149	0.0023255902388517836	6.152303445270488E-4	2.166878774249137E-4	0.9863038980452422	0.003104160708630553
262	ttl	0.001284297399041527	0.9849718626962634	9.526790327772274E-4	0.001851720217227715	0.0021497911058263736	0.0027064282982495144	7.15980307516213E-4	2.521726285022409E-4	0.0015025710466765986	0.0036124972679193574
263	default	9.674414673017916E-4	0.0018179814740643175	0.4941484154327773	0.0013948723444617427	0.4950501815356595	0.002038710789229699	5.393369477969924E-4	1.89957760495059E-4	0.0011318636471637008	0.0027212386010497655
264	task	5.983723192747182E-4	0.0011244399044298874	4.438666330654715E-4	8.627426341105638E-4	0.5350874772226628	0.0012609632153603128	3.335853498443857E-4	1.1749079355537087E-4	7.000690982835553E-4	0.45947099282941284
265	task	0.0011035760662588044	0.0020738007533156796	8.186217461657729E-4	0.0015911533533160918	0.0018472808662671149	0.0023255902388517836	6.152303445270488E-4	2.166878774249137E-4	0.001291135095502999	0.9881169236583698
266	task	3.900513883933439E-4	7.329706468029248E-4	2.893362391805095E-4	5.6238223497511E-4	0.1995934815270072	0.10029225030280703	2.174489438485285E-4	7.658684346437548E-5	4.563428403368562E-4	0.6973891490331842
267	task	0.0011035760662588044	0.0020738007533156796	8.186217461657729E-4	0.0015911533533160918	0.8461439348231865	0.0023255902388517836	6.152303445270488E-4	2.166878774249137E-4	0.001291135095502999	0.14382026970145045
268	task	2.0580660812922252E-4	3.867444320558828E-4	1.5266529428311165E-4	2.9673520899159016E-4	0.9975495211468639	4.3370081464259516E-4	1.1473470139174898E-4	4.0410261185461294E-5	2.4078461174216505E-4	5.788969207143324E-4
269	task	4.869194158877619E-4	9.150015865197868E-4	3.6119197820894003E-4	7.020480826582478E-4	0.4975087250269217	0.0010260960483991079	2.7145170065992014E-4	9.560694358240498E-5	5.696741400579412E-4	0.49806328507710423
270	task	5.191518451976056E-4	9.755716171933882E-4	3.851016735815843E-4	7.485213068880439E-4	0.9938186114149232	0.0010940201591779597	2.894208911811183E-4	1.0193580201359234E-4	6.073846540566193E-4	0.0014602806357867603
271	task	5.559541413823881E-4	0.0010447291785842226	4.124012507351825E-4	8.015834371521267E-4	0.7098233306574171	0.2847286610743278	3.0993772735889787E-4	1.0916195677397781E-4	6.504417097975559E-4	0.0015637988664706387
272	task	8.612051818032027E-4	0.0016183460382911327	6.38833435491901E-4	0.0012416991948410046	0.9897458827711939	0.0018148367164574012	4.801115001573523E-4	1.690981968328675E-4	0.0010075719007070164	0.0024224150642241297
273	task	0.0011035760662588044	0.0020738007533156796	8.186217461657729E-4	0.0015911533533160918	0.9868600438160063	0.0023255902388517836	6.152303445270488E-4	2.166878774249137E-4	0.001291135095502999	0.003104160708630553
274	process	5.559541413823881E-4	0.9934945323586959	4.124012507351825E-4	8.015834371521267E-4	9.306141001945226E-4	0.0011715744514387626	3.0993772735889787E-4	1.0916195677397781E-4	6.504417097975559E-4	0.0015637988664706387
275	history	0.0019097912453697556	0.003588811541328488	0.0014166641447713824	0.0027535670961997528	0.0031968080261978483	0.00402454530708799	0.0010646855815265852	3.7498875151104104E-4	0.0022343711297948773	0.9794357671762123
276	web	0.0019097912453697556	0.003588811541328488	0.0014166641447713824	0.0027535670961997528	0.0031968080261978483	0.00402454530708799	0.0010646855815265852	3.7498875151104104E-4	0.0022343711297948773	0.9794357671762123
277	copy	5.191518451976056E-4	0.9939251724585438	3.851016735815843E-4	7.485213068880439E-4	8.690105735728236E-4	0.0010940201591779597	2.894208911811183E-4	1.0193580201359234E-4	6.073846540566193E-4	0.0014602806357867603
278	copy	3.900513883933439E-4	0.5975546889868253	2.893362391805095E-4	5.6238223497511E-4	6.529087469997483E-4	0.39870310947281823	2.174489438485285E-4	7.658684346437548E-5	4.563428403368562E-4	0.001097144303158046
279	rock	9.674414673017916E-4	0.9886795354294181	7.176384551004228E-4	0.0013948723444617427	0.00161940455798257	0.002038710789229699	5.393369477969924E-4	1.89957760495059E-4	0.0011318636471637008	0.0027212386010497655
280	rock	1.7386784018195859E-4	0.9979654947702077	1.2897343398751056E-4	2.5068539033943786E-4	2.910381479331564E-4	3.663955429444589E-4	9.692922353775888E-5	3.41390633535608E-5	2.0341766852488796E-4	4.890589189895695E-4
281	print	3.004067515598861E-4	5.645136449886632E-4	0.9961431315631607	4.3313118571312935E-4	5.028521922691789E-4	6.330537880195445E-4	1.674731401950299E-4	5.8985060794494905E-5	3.5146258760387E-4	8.44990085695508E-4
282	two	8.612051818032027E-4	0.0016183460382911327	0.11045042316906359	0.0012416991948410046	0.001441575169048712	0.0018148367164574012	4.801115001573523E-4	1.690981968328675E-4	0.0010075719007070164	0.8809151329327977
283	collect	0.0011035760662588044	0.0020738007533156796	8.186217461657729E-4	0.5644555893245956	0.0018472808662671149	0.0023255902388517836	6.152303445270488E-4	2.166878774249137E-4	0.001291135095502999	0.42525248768709023
284	checkpoint	4.331355006929492E-4	8.139327728172684E-4	3.212956050285488E-4	6.245015866502189E-4	7.250274334451464E-4	9.127560150216934E-4	2.4146781673292108E-4	8.504643689918699E-5	0.9946245046815609	0.0012183321511512056
285	checkpoint	5.559541413823881E-4	0.0010447291785842226	4.124012507351825E-4	8.015834371521267E-4	9.306141001945226E-4	0.0011715744514387626	3.0993772735889787E-4	1.0916195677397781E-4	0.9931002448899092	0.0015637988664706387
286	checkpoint	3.004067515598861E-4	5.645136449886632E-4	2.2283873947685803E-4	4.3313118571312935E-4	5.028521922691789E-4	6.330537880195445E-4	1.674731401950299E-4	5.8985060794494905E-5	0.9962717554112878	8.44990085695508E-4
287	stream	0.0011035760662588044	0.0020738007533156796	8.186217461657729E-4	0.2830233713389559	0.0018472808662671149	0.0023255902388517836	6.152303445270488E-4	2.166878774249137E-4	0.7048716800596024	0.003104160708630553
288	stream	8.612051818032027E-4	0.0016183460382911327	6.38833435491901E-4	0.0012416991948410046	0.001441575169048712	0.0018148367164574012	4.801115001573523E-4	1.690981968328675E-4	0.0010075719007070164	0.9907267226663693
289	mailbox	2.005438878193584E-4	3.7685491589404304E-4	1.4876146071752153E-4	2.891473359625993E-4	0.051478075482255095	4.22610567801779E-4	1.1180079830307155E-4	3.9376922634280706E-5	2.3462746218298958E-4	0.9466982011664291
290	task	0.001284297399041527	0.0024134058313195483	9.526790327772274E-4	0.001851720217227715	0.0021497911058263736	0.0027064282982495144	7.15980307516213E-4	2.521726285022409E-4	0.0015025710466765986	0.986170954132863
291	processing	9.674414673017916E-4	0.0018179814740643175	7.176384551004228E-4	0.0013948723444617427	0.00161940455798257	0.002038710789229699	5.393369477969924E-4	1.89957760495059E-4	0.0011318636471637008	0.9895827925564036
292	stream	0.001284297399041527	0.0024134058313195483	9.526790327772274E-4	0.001851720217227715	0.9847082479707701	0.0027064282982495144	7.15980307516213E-4	2.521726285022409E-4	0.0015025710466765986	0.0036124972679193574
293	stream	0.0015357995360787689	0.0028860196702699312	0.0011392408157667904	0.002214339959489435	0.9817136858722522	0.0032364243110544967	8.561897150500881E-4	3.0155523646979113E-4	0.0017968174023660808	0.004319927481202487
294	csv	4.584554273813565E-4	8.615130752954872E-4	0.11725465358873201	6.610082557306345E-4	7.674105708987743E-4	9.661132562263008E-4	0.8771149027254355	9.001802095071964E-5	5.363725348109175E-4	0.0012895525445383235
295	text	4.869194158877619E-4	0.18717512725885616	3.6119197820894003E-4	7.020480826582478E-4	8.150565673580694E-4	0.0010260960483991079	0.8073986629474508	9.560694358240498E-5	5.696741400579412E-4	0.0013696166175405867
296	catalog	1.2427515510341633E-4	2.33533435665728E-4	9.21860736076554E-5	1.79181875923635E-4	2.0802473267944293E-4	2.6188778143773075E-4	0.998381549385574	2.4401507426037273E-5	1.4539642455010457E-4	3.4956362803225576E-4
297	sql	2.2994353997171765E-4	4.3210169284478876E-4	1.705698301788311E-4	3.3153621747136395E-4	3.849035102324037E-4	4.8456510465844403E-4	0.9970054170261076	4.5149563430598534E-5	2.69023752434349E-4	6.467897626698194E-4
298	sql	2.2994353997171765E-4	4.3210169284478876E-4	1.705698301788311E-4	3.3153621747136395E-4	3.849035102324037E-4	4.8456510465844403E-4	0.9970054170261076	4.5149563430598534E-5	2.69023752434349E-4	6.467897626698194E-4
299	print	3.253300432472011E-4	6.113486051300867E-4	0.9958231458885651	4.690659802020904E-4	5.445714006373441E-4	6.855751915187781E-4	1.813675746616242E-4	6.387876530593341E-5	3.8062173446906124E-4	9.15094816262724E-4
300	binary	5.983723192747182E-4	0.0011244399044298874	4.438666330654715E-4	0.9927364810491828	0.0010016180760854241	0.0012609632153603128	3.335853498443857E-4	1.1749079355537087E-4	7.000690982835553E-4	0.0016831135609179837
301	compress	0.001284297399041527	0.0024134058313195483	9.526790327772274E-4	0.6568906914605235	0.0021497911058263736	0.0027064282982495144	7.15980307516213E-4	2.521726285022409E-4	0.3290220566683245	0.0036124972679193574
302	hash	3.5476301017104973E-4	6.666579860102975E-4	2.6315967130909464E-4	0.9956936045261091	5.938393743622724E-4	7.475999333298219E-4	1.9777609867247932E-4	6.965794747927241E-5	4.1505700152680834E-4	9.978844510299637E-4
303	int2	2.893242925536909E-4	5.43687883595023E-4	2.1461788164852725E-4	0.996487951707989	4.8430121504226516E-4	6.096994771792817E-4	1.6129480298651938E-4	5.6809012770146124E-5	3.384966016561317E-4	8.138171245795024E-4
304	binary	3.394096289069892E-4	6.378064599534749E-4	2.51770685842472E-4	0.995879976074689	5.681392814472891E-4	7.152454136073042E-4	1.892167738252441E-4	6.664330109546392E-5	3.9709422579185696E-4	9.546981548409847E-4
305	buffer	0.0011035760662588044	0.0020738007533156796	8.186217461657729E-4	0.9866039163030553	0.0018472808662671149	0.0023255902388517836	6.152303445270488E-4	2.166878774249137E-4	0.001291135095502999	0.003104160708630553
306	multiple	4.104659723024836E-4	0.9951969543854273	3.0447957441394005E-4	5.918163035787351E-4	6.870808094439825E-4	8.649840167370943E-4	2.288298281172264E-4	8.059526027499058E-5	4.802269988929006E-4	0.0011545668508113507
307	continuous	7.061239867378263E-4	0.9917373279475005	5.237957479383173E-4	0.0010181006853145463	0.0011819840696029901	0.0014880306860437895	3.9365560464922806E-4	1.3864790345059444E-4	8.261337744886312E-4	0.0019861995942734457
308	event	2.1135298328827745E-4	3.9716698228571177E-4	1.567795401936706E-4	3.047320600496211E-4	3.5378469504189773E-4	4.453888136172696E-4	1.178267386371285E-4	4.14992955505252E-5	0.32364068899507453	0.6743307798962613
309	notify	0.0015357995360787689	0.9820289238953286	0.0011392408157667904	0.002214339959489435	0.0025707816471935807	0.0032364243110544967	8.561897150500881E-4	3.0155523646979113E-4	0.0017968174023660808	0.004319927481202487
310	stream	8.612051818032027E-4	0.9899226536404363	6.38833435491901E-4	0.0012416991948410046	0.001441575169048712	0.0018148367164574012	4.801115001573523E-4	1.690981968328675E-4	0.0010075719007070164	0.0024224150642241297
311	class	7.759922402774232E-4	0.9909197683167258	5.756233232753168E-4	0.0011188378336714744	0.0012989368487265353	0.0016352656011576544	4.3260631317844757E-4	1.5236658041520567E-4	9.078765351052969E-4	0.0021827264074667577
312	job	0.0019097912453697556	0.003588811541328488	0.0014166641447713824	0.0027535670961997528	0.0031968080261978483	0.00402454530708799	0.0010646855815265852	3.7498875151104104E-4	0.9762982395064429	0.005371898799564159
313	page	9.674414673017916E-4	0.0018179814740643175	7.176384551004228E-4	0.0013948723444617427	0.00161940455798257	0.002038710789229699	0.9874008909031508	1.89957760495059E-4	0.0011318636471637008	0.0027212386010497655
314	page	9.674414673017916E-4	0.0018179814740643175	7.176384551004228E-4	0.0013948723444617427	0.00161940455798257	0.002038710789229699	0.8640431966587315	1.89957760495059E-4	0.0011318636471637008	0.126078932845469
315	json	7.061239867378263E-4	0.00132692299190164	0.9909342007035373	0.0010181006853145463	0.0011819840696029901	0.0014880306860437895	3.9365560464922806E-4	1.3864790345059444E-4	8.261337744886312E-4	0.0019861995942734457
316	batch	6.477979978821961E-4	0.001217318875497831	4.8053010970668493E-4	9.340053559660855E-4	0.001084351938467367	0.001365119040438908	3.611395694472514E-4	1.271955576538238E-4	7.578949520876383E-4	0.9930246466028522
317	back	0.001284297399041527	0.0024134058313195483	9.526790327772274E-4	0.001851720217227715	0.0021497911058263736	0.0027064282982495144	7.15980307516213E-4	2.521726285022409E-4	0.0015025710466765986	0.986170954132863
318	yarn	4.584554273813565E-4	8.615130752954872E-4	3.4007767473102137E-4	6.610082557306345E-4	0.9945413058399073	9.661132562263008E-4	2.555833704280257E-4	9.001802095071964E-5	5.363725348109175E-4	0.0012895525445383235
319	y	3.900513883933439E-4	0.9954358345468403	2.893362391805095E-4	5.6238223497511E-4	6.529087469997483E-4	8.21963912803287E-4	2.174489438485285E-4	7.658684346437548E-5	4.563428403368562E-4	0.001097144303158046
320	y	5.559541413823881E-4	0.9934945323586959	4.124012507351825E-4	8.015834371521267E-4	9.306141001945226E-4	0.0011715744514387626	3.0993772735889787E-4	1.0916195677397781E-4	6.504417097975559E-4	0.0015637988664706387
321	yarn	0.0011035760662588044	0.0020738007533156796	8.186217461657729E-4	0.0015911533533160918	0.0018472808662671149	0.0023255902388517836	6.152303445270488E-4	2.166878774249137E-4	0.001291135095502999	0.9881169236583698
