0	file	3.567733830846465E-4	3.96121373749317E-4	1.1725545068544929E-4	3.1366856190997175E-4	7.812514881521922E-5	4.7082595819446043E-4	1.1724985402920525E-4	0.9972285557499043	7.257413178155391E-4	1.9568320181179808E-4
1	query	2.9745669165583886E-4	0.9978826740046023	9.776070775782342E-5	2.615184235311866E-4	6.51361603849849E-5	3.925470298802721E-4	9.775604159456794E-5	1.3692129619183012E-4	6.050804842247467E-4	1.631491601764174E-4
2	query	2.9745669165583886E-4	3.3026273515948445E-4	9.776070775782342E-5	2.615184235311866E-4	6.51361603849849E-5	0.9979449582993231	9.775604159456794E-5	1.3692129619183012E-4	6.050804842247467E-4	1.631491601764174E-4
3	sy	1.984663824642639E-4	0.9985872967642285	6.522702147944926E-5	1.7448797395368002E-4	4.3459563969658956E-5	2.619117039651902E-4	6.522390816390692E-5	9.135539760844076E-5	4.037163666929843E-4	1.0885491747403667E-4
4	sy	1.786489186254849E-4	0.9987283594215018	5.871390765417459E-5	1.5706482615810056E-4	3.911999609562417E-5	2.3575903439044374E-4	5.8711105212531464E-5	8.22332870217345E-5	3.6340407602329335E-4	9.798542731691433E-5
5	sy	0.9985654082105001	2.2035493619250546E-4	6.522702147944926E-5	1.7448797395368002E-4	4.3459563969658956E-5	2.619117039651902E-4	6.522390816390692E-5	9.135539760844076E-5	4.037163666929843E-4	1.0885491747403667E-4
6	sy	1.984663824642639E-4	0.9985872967642285	6.522702147944926E-5	1.7448797395368002E-4	4.3459563969658956E-5	2.619117039651902E-4	6.522390816390692E-5	9.135539760844076E-5	4.037163666929843E-4	1.0885491747403667E-4
7	sy	0.9987086565055454	1.983518345816937E-4	5.871390765417459E-5	1.5706482615810056E-4	3.911999609562417E-5	2.3575903439044374E-4	5.8711105212531464E-5	8.22332870217345E-5	3.6340407602329335E-4	9.798542731691433E-5
8	sy	0.9985654082105001	2.2035493619250546E-4	6.522702147944926E-5	1.7448797395368002E-4	4.3459563969658956E-5	2.619117039651902E-4	6.522390816390692E-5	9.135539760844076E-5	4.037163666929843E-4	1.0885491747403667E-4
9	sy	1.984663824642639E-4	0.9985872967642285	6.522702147944926E-5	1.7448797395368002E-4	4.3459563969658956E-5	2.619117039651902E-4	6.522390816390692E-5	9.135539760844076E-5	4.037163666929843E-4	1.0885491747403667E-4
10	sy	0.9981563850507741	2.8318136035188686E-4	8.382420195985791E-5	2.242370544678012E-4	5.585052306010671E-5	3.3658657211177006E-4	8.382020099239281E-5	1.1740216133685883E-4	5.188218239711428E-4	1.3989105097405346E-4
11	default	1.984663824642639E-4	2.2035493619250546E-4	6.522702147944926E-5	1.7448797395368002E-4	4.3459563969658956E-5	2.619117039651902E-4	6.522390816390692E-5	9.135539760844076E-5	4.037163666929843E-4	0.99847579674551
12	default	1.786489186254849E-4	1.983518345816937E-4	5.871390765417459E-5	1.5706482615810056E-4	3.911999609562417E-5	2.3575903439044374E-4	5.8711105212531464E-5	8.22332870217345E-5	3.6340407602329335E-4	0.998627993014237
13	default	1.6242981425904253E-4	1.803439500050172E-4	5.3383413614067536E-5	1.4280528947937165E-4	3.556838601943962E-5	2.1435504038068204E-4	5.338086559934085E-5	7.476752526474809E-5	3.304114966023758E-4	0.998752554218776
14	default	2.5505205892573785E-4	2.8318136035188686E-4	0.9979851571938082	2.242370544678012E-4	5.585052306010671E-5	3.3658657211177006E-4	8.382020099239281E-5	1.1740216133685883E-4	5.188218239711428E-4	1.3989105097405346E-4
15	auth	1.984663824642639E-4	2.2035493619250546E-4	6.522702147944926E-5	1.7448797395368002E-4	4.3459563969658956E-5	2.619117039651902E-4	0.9984321657362	9.135539760844076E-5	4.037163666929843E-4	1.0885491747403667E-4
16	trace	3.567733830846465E-4	3.96121373749317E-4	1.1725545068544929E-4	3.1366856190997175E-4	7.812514881521922E-5	4.7082595819446043E-4	0.9971815804396356	1.6422516429791424E-4	7.257413178155391E-4	1.9568320181179808E-4
17	account	3.567733830846465E-4	3.96121373749317E-4	1.1725545068544929E-4	3.1366856190997175E-4	7.812514881521922E-5	0.9975351565438009	1.1724985402920525E-4	1.6422516429791424E-4	7.257413178155391E-4	1.9568320181179808E-4
18	account	3.567733830846465E-4	3.96121373749317E-4	1.1725545068544929E-4	3.1366856190997175E-4	7.812514881521922E-5	0.9975351565438009	1.1724985402920525E-4	1.6422516429791424E-4	7.257413178155391E-4	1.9568320181179808E-4
19	business	0.9974211039686911	3.96121373749317E-4	1.1725545068544929E-4	3.1366856190997175E-4	7.812514881521922E-5	4.7082595819446043E-4	1.1724985402920525E-4	1.6422516429791424E-4	7.257413178155391E-4	1.9568320181179808E-4
20	business	2.5505205892573785E-4	2.8318136035188686E-4	8.382420195985791E-5	2.242370544678012E-4	5.585052306010671E-5	0.9982379195639601	8.382020099239281E-5	1.1740216133685883E-4	5.188218239711428E-4	1.3989105097405346E-4
21	business	2.5505205892573785E-4	2.8318136035188686E-4	8.382420195985791E-5	2.242370544678012E-4	5.585052306010671E-5	0.9982379195639601	8.382020099239281E-5	1.1740216133685883E-4	5.188218239711428E-4	1.3989105097405346E-4
22	order	3.567733830846465E-4	3.96121373749317E-4	1.1725545068544929E-4	3.1366856190997175E-4	7.812514881521922E-5	0.9975351565438009	1.1724985402920525E-4	1.6422516429791424E-4	7.257413178155391E-4	1.9568320181179808E-4
23	order	2.5505205892573785E-4	2.8318136035188686E-4	8.382420195985791E-5	2.242370544678012E-4	5.585052306010671E-5	0.9982379195639601	8.382020099239281E-5	1.1740216133685883E-4	5.188218239711428E-4	1.3989105097405346E-4
24	order	3.567733830846465E-4	3.96121373749317E-4	1.1725545068544929E-4	3.1366856190997175E-4	7.812514881521922E-5	0.9975351565438009	1.1724985402920525E-4	1.6422516429791424E-4	7.257413178155391E-4	1.9568320181179808E-4
25	storage	3.567733830846465E-4	3.96121373749317E-4	1.1725545068544929E-4	3.1366856190997175E-4	7.812514881521922E-5	0.9975351565438009	1.1724985402920525E-4	1.6422516429791424E-4	7.257413178155391E-4	1.9568320181179808E-4
26	storage	3.567733830846465E-4	3.96121373749317E-4	1.1725545068544929E-4	3.1366856190997175E-4	7.812514881521922E-5	0.9975351565438009	1.1724985402920525E-4	1.6422516429791424E-4	7.257413178155391E-4	1.9568320181179808E-4
27	security	2.2322911200659906E-4	2.478487092965527E-4	7.336542291395176E-5	1.9625890792121482E-4	4.888203106582954E-5	2.945905315264774E-4	7.336192114878991E-5	1.0275384693331644E-4	4.5408821847011164E-4	0.9982856212987172
28	demo	2.9745669165583886E-4	0.9978826740046023	9.776070775782342E-5	2.615184235311866E-4	6.51361603849849E-5	3.925470298802721E-4	9.775604159456794E-5	1.3692129619183012E-4	6.050804842247467E-4	1.631491601764174E-4
29	demo	2.9745669165583886E-4	3.3026273515948445E-4	9.776070775782342E-5	2.615184235311866E-4	6.51361603849849E-5	0.9979449582993231	9.775604159456794E-5	1.3692129619183012E-4	6.050804842247467E-4	1.631491601764174E-4
30	demo	2.9745669165583886E-4	3.3026273515948445E-4	9.776070775782342E-5	2.615184235311866E-4	6.51361603849849E-5	0.9979449582993231	9.775604159456794E-5	1.3692129619183012E-4	6.050804842247467E-4	1.631491601764174E-4
31	demo	2.9745669165583886E-4	0.9978826740046023	9.776070775782342E-5	2.615184235311866E-4	6.51361603849849E-5	3.925470298802721E-4	9.775604159456794E-5	1.3692129619183012E-4	6.050804842247467E-4	1.631491601764174E-4
32	demo	2.9745669165583886E-4	0.9978826740046023	9.776070775782342E-5	2.615184235311866E-4	6.51361603849849E-5	3.925470298802721E-4	9.775604159456794E-5	1.3692129619183012E-4	6.050804842247467E-4	1.631491601764174E-4
33	permission	2.9745669165583886E-4	0.9978826740046023	9.776070775782342E-5	2.615184235311866E-4	6.51361603849849E-5	3.925470298802721E-4	9.775604159456794E-5	1.3692129619183012E-4	6.050804842247467E-4	1.631491601764174E-4
34	swagger	2.5505205892573785E-4	2.8318136035188686E-4	8.382420195985791E-5	2.242370544678012E-4	5.585052306010671E-5	3.3658657211177006E-4	0.9979851531928408	1.1740216133685883E-4	5.188218239711428E-4	1.3989105097405346E-4
35	permission	2.9745669165583886E-4	0.9978826740046023	9.776070775782342E-5	2.615184235311866E-4	6.51361603849849E-5	3.925470298802721E-4	9.775604159456794E-5	1.3692129619183012E-4	6.050804842247467E-4	1.631491601764174E-4
36	index	2.5505205892573785E-4	2.8318136035188686E-4	8.382420195985791E-5	2.242370544678012E-4	5.585052306010671E-5	3.3658657211177006E-4	8.382020099239281E-5	1.1740216133685883E-4	0.9984201548158196	1.3989105097405346E-4
37	web	2.9745669165583886E-4	3.3026273515948445E-4	9.776070775782342E-5	2.615184235311866E-4	0.9976175474298278	3.925470298802721E-4	9.775604159456794E-5	1.3692129619183012E-4	6.050804842247467E-4	1.631491601764174E-4
38	web	2.9745669165583886E-4	3.3026273515948445E-4	9.776070775782342E-5	2.615184235311866E-4	0.9976175474298278	3.925470298802721E-4	9.775604159456794E-5	1.3692129619183012E-4	6.050804842247467E-4	1.631491601764174E-4
39	job	1.786489186254849E-4	1.983518345816937E-4	5.871390765417459E-5	1.5706482615810056E-4	3.911999609562417E-5	2.3575903439044374E-4	5.8711105212531464E-5	8.22332870217345E-5	0.9988934116629434	9.798542731691433E-5
40	job	1.4891058175880623E-4	1.6533370203268048E-4	4.894024667703041E-5	0.9989056255572105	3.260798566160821E-5	1.9651400767542758E-4	4.8937910736692044E-5	6.854453250856971E-5	3.029109428173745E-4	8.167453292138465E-5
41	job	1.786489186254849E-4	1.983518345816937E-4	5.871390765417459E-5	1.5706482615810056E-4	3.911999609562417E-5	2.3575903439044374E-4	5.8711105212531464E-5	8.22332870217345E-5	0.9988934116629434	9.798542731691433E-5
42	job	1.786489186254849E-4	1.983518345816937E-4	5.871390765417459E-5	1.5706482615810056E-4	3.911999609562417E-5	2.3575903439044374E-4	5.8711105212531464E-5	8.22332870217345E-5	0.9988934116629434	9.798542731691433E-5
43	job	1.786489186254849E-4	1.983518345816937E-4	5.871390765417459E-5	1.5706482615810056E-4	3.911999609562417E-5	2.3575903439044374E-4	5.8711105212531464E-5	8.22332870217345E-5	0.9988934116629434	9.798542731691433E-5
44	job	2.2322911200659906E-4	2.478487092965527E-4	7.336542291395176E-5	1.9625890792121482E-4	4.888203106582954E-5	2.945905315264774E-4	7.336192114878991E-5	1.0275384693331644E-4	0.9986172727283289	1.2243678885846696E-4
45	job	1.786489186254849E-4	1.983518345816937E-4	5.871390765417459E-5	1.5706482615810056E-4	3.911999609562417E-5	2.3575903439044374E-4	5.8711105212531464E-5	8.22332870217345E-5	0.9988934116629434	9.798542731691433E-5
46	job	1.786489186254849E-4	1.983518345816937E-4	5.871390765417459E-5	1.5706482615810056E-4	3.911999609562417E-5	2.3575903439044374E-4	5.8711105212531464E-5	8.22332870217345E-5	0.9988934116629434	9.798542731691433E-5
47	job	1.786489186254849E-4	1.983518345816937E-4	5.871390765417459E-5	0.9986870724130783	3.911999609562417E-5	2.3575903439044374E-4	5.8711105212531464E-5	8.22332870217345E-5	3.6340407602329335E-4	9.798542731691433E-5
48	xxl	1.6242981425904253E-4	1.803439500050172E-4	5.3383413614067536E-5	0.4540807437676769	3.556838601943962E-5	2.1435504038068204E-4	5.338086559934085E-5	7.476752526474809E-5	0.5450559376704394	8.908956674148526E-5
49	xxl	1.6242981425904253E-4	1.803439500050172E-4	5.3383413614067536E-5	1.4280528947937165E-4	3.556838601943962E-5	2.1435504038068204E-4	5.338086559934085E-5	7.476752526474809E-5	0.9989938761486369	8.908956674148526E-5
50	xxl	1.6242981425904253E-4	1.803439500050172E-4	5.3383413614067536E-5	1.4280528947937165E-4	3.556838601943962E-5	2.1435504038068204E-4	5.338086559934085E-5	7.476752526474809E-5	0.9989938761486369	8.908956674148526E-5
51	xxl	1.6242981425904253E-4	1.803439500050172E-4	5.3383413614067536E-5	1.4280528947937165E-4	3.556838601943962E-5	2.1435504038068204E-4	5.338086559934085E-5	7.476752526474809E-5	0.9989938761486369	8.908956674148526E-5
52	xxl	2.5505205892573785E-4	2.8318136035188686E-4	0.9979851571938082	2.242370544678012E-4	5.585052306010671E-5	3.3658657211177006E-4	8.382020099239281E-5	1.1740216133685883E-4	5.188218239711428E-4	1.3989105097405346E-4
53	xxl	2.2322911200659906E-4	2.478487092965527E-4	0.9982365499327728	1.9625890792121482E-4	4.888203106582954E-5	2.945905315264774E-4	7.336192114878991E-5	1.0275384693331644E-4	4.5408821847011164E-4	1.2243678885846696E-4
54	admin	1.786489186254849E-4	1.983518345816937E-4	5.871390765417459E-5	0.9986870724130783	3.911999609562417E-5	2.3575903439044374E-4	5.8711105212531464E-5	8.22332870217345E-5	3.6340407602329335E-4	9.798542731691433E-5
55	admin	1.786489186254849E-4	1.983518345816937E-4	5.871390765417459E-5	1.5706482615810056E-4	3.911999609562417E-5	2.3575903439044374E-4	5.8711105212531464E-5	8.22332870217345E-5	0.9988934116629434	9.798542731691433E-5
56	admin	1.786489186254849E-4	1.983518345816937E-4	5.871390765417459E-5	1.5706482615810056E-4	3.911999609562417E-5	2.3575903439044374E-4	5.8711105212531464E-5	8.22332870217345E-5	0.9988934116629434	9.798542731691433E-5
57	xxl	1.6242981425904253E-4	1.803439500050172E-4	5.3383413614067536E-5	1.4280528947937165E-4	3.556838601943962E-5	2.1435504038068204E-4	5.338086559934085E-5	7.476752526474809E-5	0.9989938761486369	8.908956674148526E-5
58	xxl	0.18173760520553806	1.803439500050172E-4	5.3383413614067536E-5	1.4280528947937165E-4	3.556838601943962E-5	2.1435504038068204E-4	5.338086559934085E-5	7.476752526474809E-5	0.8174187007573579	8.908956674148526E-5
59	xxl	1.6242981425904253E-4	1.803439500050172E-4	5.3383413614067536E-5	0.9988062699415139	3.556838601943962E-5	2.1435504038068204E-4	5.338086559934085E-5	7.476752526474809E-5	3.304114966023758E-4	8.908956674148526E-5
60	xxl	1.374688785292513E-4	1.5263011085629507E-4	4.5179870672544894E-5	0.998989712983695	3.01025163360098E-5	1.8141464448903839E-4	4.517771421667162E-5	6.327784031175908E-5	2.796364577420644E-4	7.539898315143869E-5
61	xxl	1.4891058175880623E-4	1.6533370203268048E-4	4.894024667703041E-5	1.3091943022661013E-4	3.260798566160821E-5	1.9651400767542758E-4	4.8937910736692044E-5	6.854453250856971E-5	0.9990776170698012	8.167453292138465E-5
62	xxl	1.4891058175880623E-4	1.6533370203268048E-4	4.894024667703041E-5	1.3091943022661013E-4	3.260798566160821E-5	1.9651400767542758E-4	4.8937910736692044E-5	6.854453250856971E-5	0.9990776170698012	8.167453292138465E-5
63	xxl	1.4891058175880623E-4	1.6533370203268048E-4	4.894024667703041E-5	0.9989056255572105	3.260798566160821E-5	1.9651400767542758E-4	4.8937910736692044E-5	6.854453250856971E-5	3.029109428173745E-4	8.167453292138465E-5
64	xxl	1.1915766603866898E-4	1.3229938275076205E-4	3.9161794282942566E-5	0.9991242858443306	2.6092782794664216E-5	1.572497415693177E-4	3.915992507260548E-5	5.4849067252064685E-5	2.4238815359779863E-4	6.535564231072579E-5
65	xxl	1.4891058175880623E-4	1.6533370203268048E-4	4.894024667703041E-5	1.3091943022661013E-4	3.260798566160821E-5	1.9651400767542758E-4	4.8937910736692044E-5	6.854453250856971E-5	0.9990776170698012	8.167453292138465E-5
66	authorization	0.9983864136218653	2.478487092965527E-4	7.336542291395176E-5	1.9625890792121482E-4	4.888203106582954E-5	2.945905315264774E-4	7.336192114878991E-5	1.0275384693331644E-4	4.5408821847011164E-4	1.2243678885846696E-4
67	security	0.9981563850507741	2.8318136035188686E-4	8.382420195985791E-5	2.242370544678012E-4	5.585052306010671E-5	3.3658657211177006E-4	8.382020099239281E-5	1.1740216133685883E-4	5.188218239711428E-4	1.3989105097405346E-4
68	security	2.9745669165583886E-4	3.3026273515948445E-4	9.776070775782342E-5	2.615184235311866E-4	6.51361603849849E-5	3.925470298802721E-4	9.775604159456794E-5	1.3692129619183012E-4	6.050804842247467E-4	0.9977155604296192
69	user	0.9981563850507741	2.8318136035188686E-4	8.382420195985791E-5	2.242370544678012E-4	5.585052306010671E-5	3.3658657211177006E-4	8.382020099239281E-5	1.1740216133685883E-4	5.188218239711428E-4	1.3989105097405346E-4
70	validate	0.9981563850507741	2.8318136035188686E-4	8.382420195985791E-5	2.242370544678012E-4	5.585052306010671E-5	3.3658657211177006E-4	8.382020099239281E-5	1.1740216133685883E-4	5.188218239711428E-4	1.3989105097405346E-4
71	server	2.2322911200659906E-4	2.478487092965527E-4	7.336542291395176E-5	1.9625890792121482E-4	4.888203106582954E-5	2.945905315264774E-4	7.336192114878991E-5	0.9982659383567921	4.5408821847011164E-4	1.2243678885846696E-4
72	service	2.5505205892573785E-4	2.8318136035188686E-4	8.382420195985791E-5	2.242370544678012E-4	5.585052306010671E-5	3.3658657211177006E-4	8.382020099239281E-5	0.9980187351531852	5.188218239711428E-4	1.3989105097405346E-4
73	switch	2.5505205892573785E-4	2.8318136035188686E-4	8.382420195985791E-5	2.242370544678012E-4	5.585052306010671E-5	3.3658657211177006E-4	8.382020099239281E-5	0.9980187351531852	5.188218239711428E-4	1.3989105097405346E-4
