0	mock	1.0	8.296261260882622E-229	8.845164203975435E-229	1.1351125995373303E-228	5.183033979461316E-229	1.2291743683097532E-228	1.3633763341480604E-228	1.0089952815935141E-228	1.1243370555241129E-228	1.0115546227908809E-228
1	mock	1.0	9.705240828155758E-229	1.0347365646369653E-228	1.3278922636546392E-228	6.063284581979882E-229	1.4379288319294362E-228	1.594922730399569E-228	1.1803560536973832E-228	1.3152866758586322E-228	1.1833500556822271E-228
2	mock	1.0	6.4294440518374065E-229	6.854833350887601E-229	8.796905885392224E-229	4.016752358902141E-229	9.525866631349759E-229	1.0565906239398692E-228	7.819520754681802E-229	8.713397476986915E-229	7.83935516022978E-229
3	mock	1.0	6.4294440518374065E-229	6.854833350887601E-229	8.796905885392224E-229	4.016752358902141E-229	9.525866631349759E-229	1.0565906239398692E-228	7.819520754681802E-229	8.713397476986915E-229	7.83935516022978E-229
4	mock	1.0	8.296261260882622E-229	8.845164203975435E-229	1.1351125995373303E-228	5.183033979461316E-229	1.2291743683097532E-228	1.3633763341480604E-228	1.0089952815935141E-228	1.1243370555241129E-228	1.0115546227908809E-228
5	mock	1.0	6.4294440518374065E-229	6.854833350887601E-229	8.796905885392224E-229	4.016752358902141E-229	9.525866631349759E-229	1.0565906239398692E-228	7.819520754681802E-229	8.713397476986915E-229	7.83935516022978E-229
6	mock	1.0	8.296261260882622E-229	8.845164203975435E-229	1.1351125995373303E-228	5.183033979461316E-229	1.2291743683097532E-228	1.3633763341480604E-228	1.0089952815935141E-228	1.1243370555241129E-228	1.0115546227908809E-228
7	mock	1.0	8.296261260882622E-229	8.845164203975435E-229	1.1351125995373303E-228	5.183033979461316E-229	1.2291743683097532E-228	1.3633763341480604E-228	1.0089952815935141E-228	1.1243370555241129E-228	1.0115546227908809E-228
8	mock	1.0	8.296261260882622E-229	8.845164203975435E-229	1.1351125995373303E-228	5.183033979461316E-229	1.2291743683097532E-228	1.3633763341480604E-228	1.0089952815935141E-228	1.1243370555241129E-228	1.0115546227908809E-228
9	mock	1.0	8.296261260882622E-229	8.845164203975435E-229	1.1351125995373303E-228	5.183033979461316E-229	1.2291743683097532E-228	1.3633763341480604E-228	1.0089952815935141E-228	1.1243370555241129E-228	1.0115546227908809E-228
10	mock	1.0	6.4294440518374065E-229	6.854833350887601E-229	8.796905885392224E-229	4.016752358902141E-229	9.525866631349759E-229	1.0565906239398692E-228	7.819520754681802E-229	8.713397476986915E-229	7.83935516022978E-229
11	mock	1.0	8.296261260882622E-229	8.845164203975435E-229	1.1351125995373303E-228	5.183033979461316E-229	1.2291743683097532E-228	1.3633763341480604E-228	1.0089952815935141E-228	1.1243370555241129E-228	1.0115546227908809E-228
12	mock	1.0	8.296261260882622E-229	8.845164203975435E-229	1.1351125995373303E-228	5.183033979461316E-229	1.2291743683097532E-228	1.3633763341480604E-228	1.0089952815935141E-228	1.1243370555241129E-228	1.0115546227908809E-228
13	mock	1.0	8.296261260882622E-229	8.845164203975435E-229	1.1351125995373303E-228	5.183033979461316E-229	1.2291743683097532E-228	1.3633763341480604E-228	1.0089952815935141E-228	1.1243370555241129E-228	1.0115546227908809E-228
14	mock	1.0	6.4294440518374065E-229	6.854833350887601E-229	8.796905885392224E-229	4.016752358902141E-229	9.525866631349759E-229	1.0565906239398692E-228	7.819520754681802E-229	8.713397476986915E-229	7.83935516022978E-229
15	mock	1.0	6.4294440518374065E-229	6.854833350887601E-229	8.796905885392224E-229	4.016752358902141E-229	9.525866631349759E-229	1.0565906239398692E-228	7.819520754681802E-229	8.713397476986915E-229	7.83935516022978E-229
16	mock	1.0	6.4294440518374065E-229	6.854833350887601E-229	8.796905885392224E-229	4.016752358902141E-229	9.525866631349759E-229	1.0565906239398692E-228	7.819520754681802E-229	8.713397476986915E-229	7.83935516022978E-229
17	mock	1.0	8.296261260882622E-229	8.845164203975435E-229	1.1351125995373303E-228	5.183033979461316E-229	1.2291743683097532E-228	1.3633763341480604E-228	1.0089952815935141E-228	1.1243370555241129E-228	1.0115546227908809E-228
18	mock	1.0	1.1690710078676561E-228	1.2464198878901217E-228	1.5995485063150028E-228	7.303693275368849E-229	1.7320960278583298E-228	1.9212072702925138E-228	1.4218297781291729E-228	1.5843641049277756E-228	1.425436284119034E-228
19	mock	1.0	6.4294440518374065E-229	6.854833350887601E-229	8.796905885392224E-229	4.016752358902141E-229	9.525866631349759E-229	1.0565906239398692E-228	7.819520754681802E-229	8.713397476986915E-229	7.83935516022978E-229
20	mock	1.0	8.296261260882622E-229	8.845164203975435E-229	1.1351125995373303E-228	5.183033979461316E-229	1.2291743683097532E-228	1.3633763341480604E-228	1.0089952815935141E-228	1.1243370555241129E-228	1.0115546227908809E-228
21	mock	1.0	8.296261260882622E-229	8.845164203975435E-229	1.1351125995373303E-228	5.183033979461316E-229	1.2291743683097532E-228	1.3633763341480604E-228	1.0089952815935141E-228	1.1243370555241129E-228	1.0115546227908809E-228
22	mock	1.0	7.244521940853401E-229	7.723838983746509E-229	9.912113268974445E-229	4.525966842611403E-229	1.0733486326354271E-228	1.1905374548589261E-228	8.810822400431621E-229	9.818018275369964E-229	8.833171266837114E-229
23	mock	1.0	7.244521940853401E-229	7.723838983746509E-229	9.912113268974445E-229	4.525966842611403E-229	1.0733486326354271E-228	1.1905374548589261E-228	8.810822400431621E-229	9.818018275369964E-229	8.833171266837114E-229
24	mock	1.0	8.296261260882622E-229	8.845164203975435E-229	1.1351125995373303E-228	5.183033979461316E-229	1.2291743683097532E-228	1.3633763341480604E-228	1.0089952815935141E-228	1.1243370555241129E-228	1.0115546227908809E-228
25	mock	1.0	7.244521940853401E-229	7.723838983746509E-229	9.912113268974445E-229	4.525966842611403E-229	1.0733486326354271E-228	1.1905374548589261E-228	8.810822400431621E-229	9.818018275369964E-229	8.833171266837114E-229
26	mock	1.0	7.244521940853401E-229	7.723838983746509E-229	9.912113268974445E-229	4.525966842611403E-229	1.0733486326354271E-228	1.1905374548589261E-228	8.810822400431621E-229	9.818018275369964E-229	8.833171266837114E-229
27	mock	1.0	9.705240828155758E-229	1.0347365646369653E-228	1.3278922636546392E-228	6.063284581979882E-229	1.4379288319294362E-228	1.594922730399569E-228	1.1803560536973832E-228	1.3152866758586322E-228	1.1833500556822271E-228
