0	sys	0.9960719993424574	3.0874493460907395E-4	3.7338443121847286E-4	1.2181630240164572E-4	4.2635706616860227E-4	0.00122156937382299	4.4005094570348096E-4	2.4173064383447275E-4	4.8427214217247437E-4	3.100748176115671E-4
1	default	9.626572750328793E-5	3.21340779525837E-5	3.886173690346563E-5	1.2678603333934494E-5	4.437511247672496E-5	1.2714056518083242E-4	4.580036725217335E-5	2.5159251154486467E-5	0.9995453120664755	3.22724917669643E-5
2	index	0.6954775002168594	1.874765519669955E-4	2.2672704189181462E-4	7.39694737876298E-5	2.588931629704687E-4	0.3028790966100655	2.672083805836778E-4	1.467840360465525E-4	2.940604403538539E-4	1.8828408547403948E-4
3	index	2.3801871775521678E-4	0.9988306060481333	9.608633339614611E-5	3.1348071496857844E-5	1.0971825223668362E-4	3.143573012314451E-4	1.1324221993448279E-4	6.220669447771841E-5	1.2462205334968482E-4	7.979430798854426E-5
4	index	5.616332508915102E-4	0.9972406769813993	2.2672704189181462E-4	7.39694737876298E-5	2.588931629704687E-4	7.417631466012242E-4	2.672083805836778E-4	1.467840360465525E-4	2.940604403538539E-4	1.8828408547403948E-4
5	job	1.0801244029174796E-4	3.60552012248105E-5	4.360379488926454E-5	1.4225695074527774E-5	4.9789933667391116E-5	0.5289125856789788	0.470714734221509	2.8229279345717765E-5	5.6553250195689015E-5	3.62105048229766E-5
6	job	1.4741505335476586E-4	4.9208030092792245E-5	5.951032800211885E-5	1.9415185813372985E-5	6.795315158405385E-5	0.9994212316283406	7.013569374330447E-5	3.8527235470982155E-5	7.718370562191475E-5	4.941998797605092E-5
7	job	1.1124445811789676E-4	3.71340681846645E-5	0.006029437387073432	1.4651365487547261E-5	5.1279780140085516E-5	0.9935787126737551	5.292680135196265E-5	2.907397402920289E-5	5.8245472982855175E-5	3.729401887715031E-5
8	job	3.6378810727272627E-4	1.2143465489236963E-4	1.4685847268914638E-4	4.791243186269146E-5	1.6769351457267853E-4	0.9985717262539765	1.7307955122964009E-4	9.507678999857118E-5	1.9047250291948483E-4	1.2195772058625532E-4
9	job	0.9983586867110679	1.2900893055892517E-4	1.560185148295289E-4	5.0900886576090466E-5	1.7815310626001675E-4	5.10432207478905E-4	1.8387508759789463E-4	1.010070396260656E-4	2.023528944377847E-4	1.295646215669003E-4
10	job	9.73354807264581E-4	3.24911680027493E-4	3.929358808652612E-4	1.2819494356456596E-4	4.486823106453072E-4	0.9961784976226846	4.6309323988502133E-4	2.5438833418217247E-4	5.09629981469977E-4	3.263111994111136E-4
11	job	9.73354807264581E-4	3.24911680027493E-4	3.929358808652612E-4	1.2819494356456596E-4	4.486823106453072E-4	0.9961784976226846	4.6309323988502133E-4	2.5438833418217247E-4	5.09629981469977E-4	3.263111994111136E-4
12	job	0.0015365675160827067	5.129154645356331E-4	6.203005378251396E-4	2.023724386392474E-4	7.08303548133713E-4	0.9939672600661233	7.310530795286836E-4	4.0158516489297664E-4	8.045173958191983E-4	5.151247884193286E-4
13	job	0.9947711242353416	4.1099507021170374E-4	4.970418728291038E-4	1.6215942075903806E-4	5.675579829903732E-4	0.001626128672195198	5.857870010244157E-4	3.217869891885494E-4	6.446533716440079E-4	4.1276538381595796E-4
14	job	0.9947711242353416	4.1099507021170374E-4	4.970418728291038E-4	1.6215942075903806E-4	5.675579829903732E-4	0.001626128672195198	5.857870010244157E-4	3.217869891885494E-4	6.446533716440079E-4	4.1276538381595796E-4
15	job	0.7128304298521251	0.28509711367467216	2.138072136125828E-4	6.975439255485243E-5	2.441403783871385E-4	6.994944679381676E-4	2.5198176110720604E-4	1.3841968513353292E-4	2.7730368138330325E-4	1.7755489308596284E-4
16	job	5.616332508915102E-4	1.874765519669955E-4	2.2672704189181462E-4	7.39694737876298E-5	2.588931629704687E-4	0.9977949635760335	2.672083805836778E-4	1.467840360465525E-4	2.940604403538539E-4	1.8828408547403948E-4
17	job	0.9994705269956735	4.161712849618138E-5	5.033017909157978E-5	1.6420171286042477E-5	5.747060054753734E-5	1.646608701832191E-4	5.931646060977891E-5	3.258396863631732E-5	6.527723602471876E-5	4.179638945108489E-5
18	job	2.0405244808869343E-4	6.811393258388515E-5	8.237441047604445E-5	2.687457016877E-5	9.406099730329869E-5	0.09906470956738685	9.708208002529245E-5	5.332953817832942E-5	1.0683796346636522E-4	0.9002025644923225
19	job	1.375944780815556E-4	4.592986309033776E-5	5.554583697913103E-5	1.8121774527452714E-5	6.342621200090922E-5	0.28886205404014204	6.546335639328258E-5	3.5960607386529176E-5	7.204184002762462E-5	0.7106438619913711
20	job	2.0863287683870583E-4	6.964290720784077E-5	8.422349448137721E-5	2.747783200168736E-5	9.61724137569528E-5	0.11251210137533807	9.926131166217815E-5	5.4526642904025866E-5	1.0923618845233259E-4	0.8867387249573568
21	validate	0.15398347653459468	2.377623749407786E-4	2.875408117863475E-4	9.380990623276813E-5	3.283346777928005E-4	9.407222691534249E-4	0.8433304771073947	1.8615512525515797E-4	3.7293468405036594E-4	2.3878650879893083E-4
22	api	1.386205557150686E-4	4.6272373966387425E-5	0.9993286402382483	1.8256913290151922E-5	6.389919767896828E-5	1.830796510491539E-4	6.595153358430346E-5	3.622877494267914E-5	7.257907467366654E-5	4.6471686851312394E-5
23	sentinel	5.977540115126122E-4	1.9953387878110453E-4	2.4130871630924822E-4	7.872673068385293E-5	0.16106000817417226	7.894687427592298E-4	2.8439356314844685E-4	1.5622427310627192E-4	0.8363921885617018	2.0039334782518298E-4
24	sentinel	8.047905093976061E-4	2.686439051073388E-4	3.248877648335192E-4	1.0599431282767615E-4	3.709801016514397E-4	0.0010629070477183784	3.828953652296981E-4	2.1033369899988458E-4	0.996198766236659	2.69801057575534E-4
25	degrade	2.475271015359101E-4	8.262603298625013E-5	9.992479510464838E-5	0.06661268469960231	0.9322352819551559	3.269152626075986E-4	1.1776602586651077E-4	6.469173065638893E-5	1.2960046144280577E-4	8.298193504168298E-5
26	degrade	9.988673250014341E-5	3.3342791166034196E-5	4.0323508887779836E-5	1.3155505002015247E-5	0.9995219546066852	1.3192291746510825E-4	4.752313362998181E-5	2.610560845640813E-5	5.2298784834898724E-5	3.348641137241437E-5
27	degrade	1.2467459490184607E-4	4.161712849618138E-5	5.033017909157978E-5	1.6420171286042477E-5	0.9994033230013193	1.646608701832191E-4	5.931646060977891E-5	3.258396863631732E-5	6.527723602471876E-5	4.179638945108489E-5
28	degrade	3.436140940477822E-4	1.1470044812532822E-4	1.3871437806099293E-4	4.525542902308919E-5	0.9983555059753572	4.538197679941972E-4	1.634813563308265E-4	8.980426904345803E-5	1.7990977501259052E-4	1.1519450700449126E-4
29	demo	3.786071050508793E-4	1.2638132534438558E-4	1.5284078859495985E-4	4.986415652637554E-5	1.7452455101994805E-4	5.000359168947588E-4	1.801299892011951E-4	9.894976635919334E-5	0.9982117407027608	1.2692569824760704E-4
30	demo	6.859914223720995E-4	2.2898805642491938E-4	0.9966776425364066	9.034797077122081E-5	3.162179034567702E-4	9.060061084212236E-4	3.2637429634975565E-4	1.7928530675357518E-4	3.5917200312036486E-4	2.299743959235707E-4
31	demo	6.859914223720995E-4	2.2898805642491938E-4	0.9966776425364066	9.034797077122081E-5	3.162179034567702E-4	9.060061084212236E-4	3.2637429634975565E-4	1.7928530675357518E-4	3.5917200312036486E-4	2.299743959235707E-4
32	machine	0.08156025153222675	4.592986309033776E-5	0.0296637847657592	0.8882652896379296	6.342621200090922E-5	1.8172448453633865E-4	6.546335639328258E-5	3.5960607386529176E-5	7.204184002762462E-5	4.612770064938312E-5
33	metric	6.0138540315398095E-5	2.0074605911886926E-5	2.4277468130240215E-5	7.920500031693191E-6	2.7721750615666432E-5	7.942648129458992E-5	2.861212711824975E-5	0.9997001800608506	3.148739078270852E-5	2.016107494891832E-5
34	metric	2.063172431838432E-4	6.886993478759452E-5	8.328869091011652E-5	2.7172853258596164E-5	9.51049881366986E-5	2.724883672026386E-4	9.815960210712825E-5	0.9989714079694582	1.0802376691004281E-4	6.916658404525054E-5
35	sentinel	6.859914223720995E-4	2.2898805642491938E-4	2.7692948327168843E-4	9.034797077122081E-5	3.162179034567702E-4	9.060061084212236E-4	3.2637429634975565E-4	1.7928530675357518E-4	0.9967598850562552	2.299743959235707E-4
36	spring	5.149569362237615E-4	1.7189571782203424E-4	2.0788417114968606E-4	6.782200579345625E-5	2.3737702459910895E-4	6.801165649845916E-4	0.9975431047443575	1.3458508264798579E-4	2.6962161372899547E-4	1.7263613869281658E-4
37	spring	0.0010872139091605744	3.6291853200720787E-4	4.3889992826516116E-4	1.4319066869268102E-4	5.011673495493246E-4	0.0014359107282331239	0.9948128270397267	2.841456508837756E-4	5.692444319831603E-4	3.644817614982998E-4
