0	sys	0.0010179890946388384	0.0020993126589889	9.964912614296177E-4	0.0018541029614661132	1.4973745395916054E-4	0.0019884345063486864	0.0022546785632261935	0.0018931086041086846	0.6584286701774728	0.329317474718361
1	sy	8.744551327967937E-4	0.0018033147306449452	0.5648461631806811	0.0015926789981605773	1.2862484075329498E-4	0.4247007011797378	0.001936774424012404	0.0016261849410006972	0.0016016702513475328	8.894323208647547E-4
2	aliyun	7.663952807231635E-4	0.0015804720532711547	7.50210590725904E-4	0.0013958654047729298	1.1273016446459715E-4	0.9900883887582066	0.0016974396086406871	0.0014252308867808159	0.0014037455735223892	7.795216788919029E-4
3	aliyun	0.0010179890946388384	0.0020993126589889	9.964912614296177E-4	0.6584182030907714	1.4973745395916054E-4	0.33027048457100133	0.0022546785632261935	0.0018931086041086846	0.0018645700481675004	0.0010354246537083766
4	fastdf	8.744551327967937E-4	0.0018033147306449452	8.559884412646198E-4	0.0015926789981605773	1.2862484075329498E-4	0.9886908759191543	0.001936774424012404	0.0016261849410006972	0.0016016702513475328	8.894323208647547E-4
5	fastdf	7.663952807231635E-4	0.0015804720532711547	7.50210590725904E-4	0.6192654851302557	1.1273016446459715E-4	0.3722187690327237	0.0016974396086406871	0.0014252308867808159	0.0014037455735223892	7.795216788919029E-4
6	qiniu	7.663952807231635E-4	0.0015804720532711547	7.50210590725904E-4	0.0013958654047729298	1.1273016446459715E-4	0.9900883887582066	0.0016974396086406871	0.0014252308867808159	0.0014037455735223892	7.795216788919029E-4
7	qiniu	8.744551327967937E-4	0.0018033147306449452	8.559884412646198E-4	0.0015926789981605773	1.2862484075329498E-4	0.9886908759191543	0.001936774424012404	0.0016261849410006972	0.0016016702513475328	8.894323208647547E-4
8	qiniu	8.744551327967937E-4	0.0018033147306449452	8.559884412646198E-4	0.0015926789981605773	1.2862484075329498E-4	0.9886908759191543	0.001936774424012404	0.0016261849410006972	0.0016016702513475328	8.894323208647547E-4
9	qiniu	0.0012178957517064509	0.0025115632204225475	0.0011921763015922111	0.002218200697716764	1.791420065387843E-4	0.5915011077346495	0.0026974389589025966	0.39501299687729097	0.002230723248786808	0.0012387552023933473
10	index	0.0012178957517064509	0.9843818903212015	0.0011921763015922111	0.002218200697716764	1.791420065387843E-4	0.002378911474182098	0.0026974389589025966	0.0022648660369793835	0.002230723248786808	0.0012387552023933473
11	index	0.0012178957517064509	0.0025115632204225475	0.0011921763015922111	0.002218200697716764	1.791420065387843E-4	0.002378911474182098	0.0026974389589025966	0.9841351931377583	0.002230723248786808	0.0012387552023933473
12	sy	0.0010179890946388384	0.0020993126589889	9.964912614296177E-4	0.0018541029614661132	1.4973745395916054E-4	0.0019884345063486864	0.9871008287571841	0.0018931086041086846	0.0018645700481675004	0.0010354246537083766
13	sy	0.0010179890946388384	0.0020993126589889	9.964912614296177E-4	0.0018541029614661132	1.4973745395916054E-4	0.0019884345063486864	0.0022546785632261935	0.0018931086041086846	0.9867107202421254	0.0010354246537083766
14	sy	8.744551327967937E-4	0.1428008584154991	8.559884412646198E-4	0.0015926789981605773	1.2862484075329498E-4	0.001708070125175316	0.001936774424012404	0.0016261849410006972	0.8475869323604723	8.894323208647547E-4
15	sy	0.0010179890946388384	0.0020993126589889	9.964912614296177E-4	0.0018541029614661132	1.4973745395916054E-4	0.0019884345063486864	0.9871008287571841	0.0018931086041086846	0.0018645700481675004	0.0010354246537083766
16	sy	0.0010179890946388384	0.0020993126589889	0.6575605913907349	0.0018541029614661132	1.4973745395916054E-4	0.0019884345063486864	0.3305367286278788	0.0018931086041086846	0.0018645700481675004	0.0010354246537083766
17	sy	8.744551327967937E-4	0.0018033147306449452	8.559884412646198E-4	0.0015926789981605773	1.2862484075329498E-4	0.001708070125175316	0.001936774424012404	0.0016261849410006972	0.9885844760453265	8.894323208647547E-4
18	sy	0.0010179890946388384	0.0020993126589889	0.4934195663584085	0.0018541029614661132	1.4973745395916054E-4	0.0019884345063486864	0.4946777536602051	0.0018931086041086846	0.0018645700481675004	0.0010354246537083766
19	sy	8.744551327967937E-4	0.0018033147306449452	8.559884412646198E-4	0.9885754847921396	1.2862484075329498E-4	0.001708070125175316	0.001936774424012404	0.0016261849410006972	0.0016016702513475328	8.894323208647547E-4
20	sy	8.744551327967937E-4	0.42479594578520735	8.559884412646198E-4	0.0015926789981605773	1.2862484075329498E-4	0.001708070125175316	0.001936774424012404	0.0016261849410006972	0.5655918449907641	8.894323208647547E-4
21	default	8.744551327967937E-4	0.0018033147306449452	8.559884412646198E-4	0.0015926789981605773	1.2862484075329498E-4	0.001708070125175316	0.001936774424012404	0.9886089907349798	0.0016016702513475328	8.894323208647547E-4
22	default	8.744551327967937E-4	0.0018033147306449452	8.559884412646198E-4	0.0015926789981605773	1.2862484075329498E-4	0.9886908759191543	0.001936774424012404	0.0016261849410006972	0.0016016702513475328	8.894323208647547E-4
23	default	8.744551327967937E-4	0.0018033147306449452	8.559884412646198E-4	0.0015926789981605773	1.2862484075329498E-4	0.706695788549446	0.28393186179372065	0.0016261849410006972	0.0016016702513475328	8.894323208647547E-4
24	auth	8.744551327967937E-4	0.0018033147306449452	8.559884412646198E-4	0.0015926789981605773	1.2862484075329498E-4	0.001708070125175316	0.001936774424012404	0.9886089907349798	0.0016016702513475328	8.894323208647547E-4
25	re	8.744551327967937E-4	0.0018033147306449452	8.559884412646198E-4	0.0015926789981605773	1.2862484075329498E-4	0.001708070125175316	0.001936774424012404	0.9886089907349798	0.0016016702513475328	8.894323208647547E-4
26	default	7.663952807231635E-4	0.0015804720532711547	7.50210590725904E-4	0.12496978934986949	1.1273016446459715E-4	0.00149699719743401	0.0016974396086406871	0.0014252308867808159	0.8664212131891983	7.795216788919029E-4
27	login	7.663952807231635E-4	0.0015804720532711547	7.50210590725904E-4	0.0013958654047729298	1.1273016446459715E-4	0.00149699719743401	0.0016974396086406871	0.0014252308867808159	0.989995137134295	7.795216788919029E-4
28	lock	0.0010179890946388384	0.0020993126589889	0.4934195663584085	0.0018541029614661132	1.4973745395916054E-4	0.0019884345063486864	0.0022546785632261935	0.49431618370108765	0.0018645700481675004	0.0010354246537083766
29	mybatis	8.744551327967937E-4	0.0018033147306449452	8.559884412646198E-4	0.0015926789981605773	1.2862484075329498E-4	0.9886908759191543	0.001936774424012404	0.0016261849410006972	0.0016016702513475328	8.894323208647547E-4
30	mybatis	6.821049015023362E-4	0.0014066471458520466	0.9905138437076951	0.00124234407280632	1.0033177351498032E-4	0.001332353097140016	0.0015107502697113435	0.0012684798538012882	0.0012493575577061746	6.937876202705415E-4
31	mybatis	8.744551327967937E-4	0.0018033147306449452	8.559884412646198E-4	0.0015926789981605773	1.2862484075329498E-4	0.9886908759191543	0.001936774424012404	0.0016261849410006972	0.0016016702513475328	8.894323208647547E-4
32	mybatis	6.145183845040334E-4	0.0012672691982308657	6.015410217762388E-4	0.10020447019275347	9.03903772558349E-5	0.8929673531388373	0.001361057240737139	0.0011427922432708253	0.0011255646841688523	6.250435184654523E-4
33	tenant	0.0010179890946388384	0.0020993126589889	9.964912614296177E-4	0.0018541029614661132	1.4973745395916054E-4	0.9868345847003065	0.0022546785632261935	0.0018931086041086846	0.0018645700481675004	0.0010354246537083766
34	db	6.821049015023362E-4	0.0014066471458520466	6.67700250724725E-4	0.00124234407280632	1.0033177351498032E-4	0.001332353097140016	0.4414423695839204	0.5511830039965626	0.0012493575577061746	6.937876202705415E-4
35	redus	7.663952807231635E-4	0.0015804720532711547	0.3714719824260156	0.0013958654047729298	1.1273016446459715E-4	0.00149699719743401	0.0016974396086406871	0.0014252308867808159	0.0014037455735223892	0.6186491414043748
36	redisson	0.0012178957517064509	0.0025115632204225475	0.9830625034023711	0.002218200697716764	1.791420065387843E-4	0.002378911474182098	0.0026974389589025966	0.0022648660369793835	0.002230723248786808	0.0012387552023933473
37	redi	7.663952807231635E-4	0.0015804720532711547	7.50210590725904E-4	0.0013958654047729298	1.1273016446459715E-4	0.9900883887582066	0.0016974396086406871	0.0014252308867808159	0.0014037455735223892	7.795216788919029E-4
38	rest	6.821049015023362E-4	0.0014066471458520466	6.67700250724725E-4	0.00124234407280632	1.0033177351498032E-4	0.6612297820684535	0.0015107502697113435	0.0012684798538012882	0.0012493575577061746	0.33064250210592727
39	default	0.001515500806159519	0.0031252889091187125	0.001483496550189748	0.9802003998168337	2.2291715440025492E-4	0.002960222376877188	0.0033565852504659215	0.0028183087920918234	0.002775822870814997	0.0015414574730480788
40	sender	0.002005585842645109	0.00413594975656153	0.0019632319999968676	0.9737975739399165	2.9500445471939015E-4	0.0039175037492663834	0.004442043072893785	0.0037296979260244877	0.0036734728406413474	0.002039936417334589
41	rocket	8.744551327967937E-4	0.0018033147306449452	0.5648461631806811	0.0015926789981605773	1.2862484075329498E-4	0.001708070125175316	0.42492940547857483	0.0016261849410006972	0.0016016702513475328	8.894323208647547E-4
42	order	8.744551327967937E-4	0.0018033147306449452	8.559884412646198E-4	0.9885754847921396	1.2862484075329498E-4	0.001708070125175316	0.001936774424012404	0.0016261849410006972	0.0016016702513475328	8.894323208647547E-4
43	order	8.744551327967937E-4	0.0018033147306449452	8.559884412646198E-4	0.0015926789981605773	1.2862484075329498E-4	0.001708070125175316	0.9889195802179914	0.0016261849410006972	0.0016016702513475328	8.894323208647547E-4
44	user	5.591180474918845E-4	0.0011530217770999768	5.473106257890911E-4	0.0010183433527169957	8.224146342525824E-5	0.0010921233091888863	0.0012383545979341582	0.0010397667244115797	0.9927010257870864	5.686943148558763E-4
45	demo	5.591180474918845E-4	0.0011530217770999768	5.473106257890911E-4	0.0010183433527169957	8.224146342525824E-5	0.0010921233091888863	0.9929152881130762	0.0010397667244115797	0.0010240922719443517	5.686943148558763E-4
46	demo	0.0012178957517064509	0.0025115632204225475	0.0011921763015922111	0.002218200697716764	1.791420065387843E-4	0.002378911474182098	0.9845677660596815	0.0022648660369793835	0.002230723248786808	0.0012387552023933473
47	demo	0.0012178957517064509	0.0025115632204225475	0.0011921763015922111	0.002218200697716764	1.791420065387843E-4	0.002378911474182098	0.9845677660596815	0.0022648660369793835	0.002230723248786808	0.0012387552023933473
48	dynamic	0.0010179890946388384	0.0020993126589889	9.964912614296177E-4	0.8225592281230977	1.4973745395916054E-4	0.0019884345063486864	0.0022546785632261935	0.166034133636435	0.0018645700481675004	0.0010354246537083766
49	dynamic	7.663952807231635E-4	0.0015804720532711547	7.50210590725904E-4	0.0013958654047729298	1.1273016446459715E-4	0.00149699719743401	0.0016974396086406871	0.9900166224475533	0.0014037455735223892	7.795216788919029E-4
50	resource	0.0010179890946388384	0.16624033769131522	9.964912614296177E-4	0.0018541029614661132	1.4973745395916054E-4	0.8226935596679802	0.0022546785632261935	0.0018931086041086846	0.0018645700481675004	0.0010354246537083766
51	resource	0.0010179890946388384	0.0020993126589889	9.964912614296177E-4	0.0018541029614661132	1.4973745395916054E-4	0.0019884345063486864	0.0022546785632261935	0.9867392587980666	0.0018645700481675004	0.0010354246537083766
52	resource	7.663952807231635E-4	0.0015804720532711547	7.50210590725904E-4	0.0013958654047729298	1.1273016446459715E-4	0.00149699719743401	0.0016974396086406871	0.0014252308867808159	0.989995137134295	7.795216788919029E-4
53	trace	0.0012178957517064509	0.0025115632204225475	0.0011921763015922111	0.002218200697716764	1.791420065387843E-4	0.002378911474182098	0.0026974389589025966	0.9841351931377583	0.002230723248786808	0.0012387552023933473
54	swagger	8.744551327967937E-4	0.8477885768397698	8.559884412646198E-4	0.14259022268301472	1.2862484075329498E-4	0.001708070125175316	0.001936774424012404	0.0016261849410006972	0.0016016702513475328	8.894323208647547E-4
55	swagger	0.0012178957517064509	0.9843818903212015	0.0011921763015922111	0.002218200697716764	1.791420065387843E-4	0.002378911474182098	0.0026974389589025966	0.0022648660369793835	0.002230723248786808	0.0012387552023933473
56	swagger	5.128806051488481E-4	0.0010576702173031177	5.020496230059148E-4	9.341293083521519E-4	7.544033271522243E-5	0.001001807876219715	0.0011359462611275277	0.9933190080245576	9.394028086183385E-4	5.216649429514704E-4
57	dynamic	8.744551327967937E-4	0.0018033147306449452	8.559884412646198E-4	0.0015926789981605773	1.2862484075329498E-4	0.001708070125175316	0.001936774424012404	0.9886089907349798	0.0016016702513475328	8.894323208647547E-4
58	dynamic	6.821049015023362E-4	0.0014066471458520466	6.67700250724725E-4	0.00124234407280632	1.0033177351498032E-4	0.001332353097140016	0.0015107502697113435	0.9911146233107715	0.0012493575577061746	6.937876202705415E-4
59	dynamic	6.821049015023362E-4	0.0014066471458520466	6.67700250724725E-4	0.00124234407280632	1.0033177351498032E-4	0.001332353097140016	0.0015107502697113435	0.9911146233107715	0.0012493575577061746	6.937876202705415E-4
60	dynamic	8.744551327967937E-4	0.0018033147306449452	8.559884412646198E-4	0.8475779411072855	1.2862484075329498E-4	0.001708070125175316	0.001936774424012404	0.14262372862585485	0.0016016702513475328	8.894323208647547E-4
61	trace	0.0012178957517064509	0.0025115632204225475	0.0011921763015922111	0.002218200697716764	1.791420065387843E-4	0.002378911474182098	0.0026974389589025966	0.9841351931377583	0.002230723248786808	0.0012387552023933473
62	abstract	7.663952807231635E-4	0.0015804720532711547	7.50210590725904E-4	0.9899872569655453	1.1273016446459715E-4	0.00149699719743401	0.0016974396086406871	0.0014252308867808159	0.0014037455735223892	7.795216788919029E-4
63	aggregation	0.0012178957517064509	0.0025115632204225475	0.0011921763015922111	0.002218200697716764	1.791420065387843E-4	0.002378911474182098	0.9845677660596815	0.0022648660369793835	0.002230723248786808	0.0012387552023933473
64	slow	8.744551327967937E-4	0.0018033147306449452	8.559884412646198E-4	0.0015926789981605773	1.2862484075329498E-4	0.001708070125175316	0.9889195802179914	0.0016261849410006972	0.0016016702513475328	8.894323208647547E-4
65	sy	0.0010179890946388384	0.0020993126589889	9.964912614296177E-4	0.0018541029614661132	1.4973745395916054E-4	0.0019884345063486864	0.9871008287571841	0.0018931086041086846	0.0018645700481675004	0.0010354246537083766
66	authorization	0.0010179890946388384	0.0020993126589889	9.964912614296177E-4	0.0018541029614661132	1.4973745395916054E-4	0.9868345847003065	0.0022546785632261935	0.0018931086041086846	0.0018645700481675004	0.0010354246537083766
67	authorization	0.0010179890946388384	0.0020993126589889	9.964912614296177E-4	0.0018541029614661132	1.4973745395916054E-4	0.0019884345063486864	0.0022546785632261935	0.9867392587980666	0.0018645700481675004	0.0010354246537083766
68	authorization	0.33130128960357236	0.0010576702173031177	5.020496230059148E-4	9.341293083521519E-4	7.544033271522243E-5	0.001001807876219715	0.0011359462611275277	0.6625305990261342	9.394028086183385E-4	5.216649429514704E-4
69	authorization	7.663952807231635E-4	0.0015804720532711547	7.50210590725904E-4	0.0013958654047729298	1.1273016446459715E-4	0.00149699719743401	0.0016974396086406871	0.9900166224475533	0.0014037455735223892	7.795216788919029E-4
70	authorization	6.145183845040334E-4	0.0012672691982308657	6.015410217762388E-4	0.9919714867396089	9.03903772558349E-5	0.0012003365919818476	0.001361057240737139	0.0011427922432708253	0.0011255646841688523	6.250435184654523E-4
71	authorization	6.821049015023362E-4	0.0014066471458520466	6.67700250724725E-4	0.22120815372991084	1.0033177351498032E-4	0.001332353097140016	0.0015107502697113435	0.0012684798538012882	0.7711296913575719	6.937876202705415E-4
72	authorization	6.821049015023362E-4	0.0014066471458520466	6.67700250724725E-4	0.00124234407280632	1.0033177351498032E-4	0.001332353097140016	0.9913568937266817	0.0012684798538012882	0.0012493575577061746	6.937876202705415E-4
73	authorization	0.0010179890946388384	0.0020993126589889	9.964912614296177E-4	0.0018541029614661132	1.4973745395916054E-4	0.0019884345063486864	0.0022546785632261935	0.9867392587980666	0.0018645700481675004	0.0010354246537083766
74	security	8.744551327967937E-4	0.0018033147306449452	8.559884412646198E-4	0.0015926789981605773	1.2862484075329498E-4	0.9886908759191543	0.001936774424012404	0.0016261849410006972	0.0016016702513475328	8.894323208647547E-4
75	security	6.821049015023362E-4	0.0014066471458520466	6.67700250724725E-4	0.00124234407280632	1.0033177351498032E-4	0.7712126868970057	0.0015107502697113435	0.22123428951090582	0.0012493575577061746	6.937876202705415E-4
76	security	0.0012178957517064509	0.0025115632204225475	0.0011921763015922111	0.002218200697716764	1.791420065387843E-4	0.002378911474182098	0.0026974389589025966	0.0022648660369793835	0.9841010503495657	0.0012387552023933473
77	security	6.821049015023362E-4	0.0014066471458520466	6.67700250724725E-4	0.00124234407280632	1.0033177351498032E-4	0.9911784965541104	0.0015107502697113435	0.0012684798538012882	0.0012493575577061746	6.937876202705415E-4
78	security	6.821049015023362E-4	0.0014066471458520466	6.67700250724725E-4	0.00124234407280632	1.0033177351498032E-4	0.9911784965541104	0.0015107502697113435	0.0012684798538012882	0.0012493575577061746	6.937876202705415E-4
79	security	0.0012178957517064509	0.0025115632204225475	0.0011921763015922111	0.002218200697716764	1.791420065387843E-4	0.9842492385749609	0.0026974389589025966	0.0022648660369793835	0.002230723248786808	0.0012387552023933473
80	security	6.821049015023362E-4	0.0014066471458520466	6.67700250724725E-4	0.00124234407280632	1.0033177351498032E-4	0.9911784965541104	0.0015107502697113435	0.0012684798538012882	0.0012493575577061746	6.937876202705415E-4
81	security	0.0012178957517064509	0.0025115632204225475	0.0011921763015922111	0.002218200697716764	1.791420065387843E-4	0.9842492385749609	0.0026974389589025966	0.0022648660369793835	0.002230723248786808	0.0012387552023933473
82	security	3.0867101634648666E-4	6.365460843262226E-4	3.0215252016525633E-4	5.62194475894478E-4	4.54028558283398E-5	6.029260070127049E-4	6.836555787393533E-4	5.740216275026217E-4	0.9959704720699083	3.139577642762107E-4
83	token	7.663952807231635E-4	0.0015804720532711547	7.50210590725904E-4	0.24854371329496605	1.1273016446459715E-4	0.00149699719743401	0.0016974396086406871	0.0014252308867808159	0.7428472892441017	7.795216788919029E-4
84	token	7.663952807231635E-4	0.0015804720532711547	7.50210590725904E-4	0.0013958654047729298	1.1273016446459715E-4	0.00149699719743401	0.0016974396086406871	0.0014252308867808159	0.989995137134295	7.795216788919029E-4
85	token	0.0010179890946388384	0.0020993126589889	9.964912614296177E-4	0.0018541029614661132	1.4973745395916054E-4	0.9868345847003065	0.0022546785632261935	0.0018931086041086846	0.0018645700481675004	0.0010354246537083766
86	token	0.0010179890946388384	0.0020993126589889	9.964912614296177E-4	0.0018541029614661132	1.4973745395916054E-4	0.0019884345063486864	0.0022546785632261935	0.9867392587980666	0.0018645700481675004	0.0010354246537083766
87	token	7.663952807231635E-4	0.0015804720532711547	7.50210590725904E-4	0.0013958654047729298	1.1273016446459715E-4	0.00149699719743401	0.0016974396086406871	0.9900166224475533	0.0014037455735223892	7.795216788919029E-4
88	token	7.663952807231635E-4	0.0015804720532711547	7.50210590725904E-4	0.0013958654047729298	1.1273016446459715E-4	0.00149699719743401	0.9902888311694132	0.0014252308867808159	0.0014037455735223892	7.795216788919029E-4
89	token	6.821049015023362E-4	0.0014066471458520466	6.67700250724725E-4	0.00124234407280632	1.0033177351498032E-4	0.001332353097140016	0.9913568937266817	0.0012684798538012882	0.0012493575577061746	6.937876202705415E-4
90	client	0.0012178957517064509	0.0025115632204225475	0.0011921763015922111	0.39496633153802835	1.791420065387843E-4	0.002378911474182098	0.59181963521937	0.0022648660369793835	0.002230723248786808	0.0012387552023933473
91	token	0.0012178957517064509	0.0025115632204225475	0.0011921763015922111	0.002218200697716764	1.791420065387843E-4	0.002378911474182098	0.0026974389589025966	0.9841351931377583	0.002230723248786808	0.0012387552023933473
92	validate	7.663952807231635E-4	0.0015804720532711547	7.50210590725904E-4	0.0013958654047729298	1.1273016446459715E-4	0.00149699719743401	0.9902888311694132	0.0014252308867808159	0.0014037455735223892	7.795216788919029E-4
93	oauth	0.0010179890946388384	0.0020993126589889	9.964912614296177E-4	0.0018541029614661132	1.4973745395916054E-4	0.0019884345063486864	0.0022546785632261935	0.9867392587980666	0.0018645700481675004	0.0010354246537083766
94	mobile	6.145183845040334E-4	0.0012672691982308657	6.015410217762388E-4	0.0011192461319917467	9.03903772558349E-5	0.0012003365919818476	0.001361057240737139	0.0011427922432708253	0.9919778052917861	6.250435184654523E-4
95	mobile	8.744551327967937E-4	0.0018033147306449452	8.559884412646198E-4	0.0015926789981605773	1.2862484075329498E-4	0.001708070125175316	0.001936774424012404	0.0016261849410006972	0.9885844760453265	8.894323208647547E-4
96	open	5.591180474918845E-4	0.0011530217770999768	5.473106257890911E-4	0.0010183433527169957	8.224146342525824E-5	0.0010921233091888863	0.0012383545979341582	0.0010397667244115797	0.9927010257870864	5.686943148558763E-4
97	client	0.0010179890946388384	0.0020993126589889	9.964912614296177E-4	0.0018541029614661132	1.4973745395916054E-4	0.0019884345063486864	0.0022546785632261935	0.0018931086041086846	0.9867107202421254	0.0010354246537083766
98	client	0.0010179890946388384	0.0020993126589889	9.964912614296177E-4	0.0018541029614661132	1.4973745395916054E-4	0.0019884345063486864	0.0022546785632261935	0.0018931086041086846	0.9867107202421254	0.0010354246537083766
99	client	0.0012178957517064509	0.0025115632204225475	0.9830625034023711	0.002218200697716764	1.791420065387843E-4	0.002378911474182098	0.0026974389589025966	0.0022648660369793835	0.002230723248786808	0.0012387552023933473
100	redis	8.744551327967937E-4	0.0018033147306449452	8.559884412646198E-4	0.0015926789981605773	1.2862484075329498E-4	0.001708070125175316	0.001936774424012404	0.0016261849410006972	0.9885844760453265	8.894323208647547E-4
101	validate	8.744551327967937E-4	0.0018033147306449452	8.559884412646198E-4	0.0015926789981605773	1.2862484075329498E-4	0.001708070125175316	0.001936774424012404	0.0016261849410006972	0.9885844760453265	8.894323208647547E-4
102	oauth	0.0010179890946388384	0.0020993126589889	9.964912614296177E-4	0.0018541029614661132	1.4973745395916054E-4	0.0019884345063486864	0.4946777536602051	0.0018931086041086846	0.4942876451451464	0.0010354246537083766
103	abstract	0.9893577868414958	0.0015804720532711547	7.50210590725904E-4	0.0013958654047729298	1.1273016446459715E-4	0.00149699719743401	0.0016974396086406871	0.0014252308867808159	0.0014037455735223892	7.795216788919029E-4
104	app	0.0010179890946388384	0.9869454628529467	9.964912614296177E-4	0.0018541029614661132	1.4973745395916054E-4	0.0019884345063486864	0.0022546785632261935	0.0018931086041086846	0.0018645700481675004	0.0010354246537083766
105	app	7.663952807231635E-4	0.9901718636140436	7.50210590725904E-4	0.0013958654047729298	1.1273016446459715E-4	0.00149699719743401	0.0016974396086406871	0.0014252308867808159	0.0014037455735223892	7.795216788919029E-4
106	controller	8.744551327967937E-4	0.9887861205246239	8.559884412646198E-4	0.0015926789981605773	1.2862484075329498E-4	0.001708070125175316	0.001936774424012404	0.0016261849410006972	0.0016016702513475328	8.894323208647547E-4
107	controller	8.744551327967937E-4	0.9887861205246239	8.559884412646198E-4	0.0015926789981605773	1.2862484075329498E-4	0.001708070125175316	0.001936774424012404	0.0016261849410006972	0.0016016702513475328	8.894323208647547E-4
108	item	8.744551327967937E-4	0.9887861205246239	8.559884412646198E-4	0.0015926789981605773	1.2862484075329498E-4	0.001708070125175316	0.001936774424012404	0.0016261849410006972	0.0016016702513475328	8.894323208647547E-4
109	release	0.9858641392885966	0.0020993126589889	9.964912614296177E-4	0.0018541029614661132	1.4973745395916054E-4	0.0019884345063486864	0.0022546785632261935	0.0018931086041086846	0.0018645700481675004	0.0010354246537083766
110	web	2.685705429665456E-4	5.53850275656657E-4	2.628988861992862E-4	4.891579307669295E-4	3.9504420552272565E-5	5.24597893863437E-4	5.94839619726499E-4	4.99448577963883E-4	0.99649396138033	2.731704719745203E-4
111	gray	0.7217787060585042	0.0011530217770999768	5.473106257890911E-4	0.0010183433527169957	8.224146342525824E-5	0.0010921233091888863	0.0012383545979341582	0.0010397667244115797	0.0010240922719443517	0.2710260398189855
112	gray	0.9878572609267757	0.0018033147306449452	8.559884412646198E-4	0.0015926789981605773	1.2862484075329498E-4	0.001708070125175316	0.001936774424012404	0.0016261849410006972	0.0016016702513475328	8.894323208647547E-4
113	release	0.9858641392885966	0.0020993126589889	9.964912614296177E-4	0.0018541029614661132	1.4973745395916054E-4	0.0019884345063486864	0.0022546785632261935	0.0018931086041086846	0.0018645700481675004	0.0010354246537083766
114	release	0.9893577868414958	0.0015804720532711547	7.50210590725904E-4	0.0013958654047729298	1.1273016446459715E-4	0.00149699719743401	0.0016974396086406871	0.0014252308867808159	0.0014037455735223892	7.795216788919029E-4
115	biz	6.821049015023362E-4	0.0014066471458520466	6.67700250724725E-4	0.00124234407280632	1.0033177351498032E-4	0.001332353097140016	0.0015107502697113435	0.9911146233107715	0.0012493575577061746	6.937876202705415E-4
116	access	0.9905282483584726	0.0014066471458520466	6.67700250724725E-4	0.00124234407280632	1.0033177351498032E-4	0.001332353097140016	0.0015107502697113435	0.0012684798538012882	0.0012493575577061746	6.937876202705415E-4
117	app	8.744551327967937E-4	0.9887861205246239	8.559884412646198E-4	0.0015926789981605773	1.2862484075329498E-4	0.001708070125175316	0.001936774424012404	0.0016261849410006972	0.0016016702513475328	8.894323208647547E-4
118	app	0.0010179890946388384	0.9869454628529467	9.964912614296177E-4	0.0018541029614661132	1.4973745395916054E-4	0.0019884345063486864	0.0022546785632261935	0.0018931086041086846	0.0018645700481675004	0.0010354246537083766
119	instance	6.821049015023362E-4	0.5513211712886134	6.67700250724725E-4	0.00124234407280632	1.0033177351498032E-4	0.001332353097140016	0.0015107502697113435	0.44120009916801034	0.0012493575577061746	6.937876202705415E-4
120	instance	8.744551327967937E-4	0.9887861205246239	8.559884412646198E-4	0.0015926789981605773	1.2862484075329498E-4	0.001708070125175316	0.001936774424012404	0.0016261849410006972	0.0016016702513475328	8.894323208647547E-4
121	access	0.9905282483584726	0.0014066471458520466	6.67700250724725E-4	0.00124234407280632	1.0033177351498032E-4	0.001332353097140016	0.0015107502697113435	0.0012684798538012882	0.0012493575577061746	6.937876202705415E-4
122	admin	0.0010179890946388384	0.9869454628529467	9.964912614296177E-4	0.0018541029614661132	1.4973745395916054E-4	0.0019884345063486864	0.0022546785632261935	0.0018931086041086846	0.0018645700481675004	0.0010354246537083766
123	admin	0.0010179890946388384	0.9869454628529467	9.964912614296177E-4	0.0018541029614661132	1.4973745395916054E-4	0.0019884345063486864	0.0022546785632261935	0.0018931086041086846	0.0018645700481675004	0.0010354246537083766
124	admin	0.0010179890946388384	0.9869454628529467	9.964912614296177E-4	0.0018541029614661132	1.4973745395916054E-4	0.0019884345063486864	0.0022546785632261935	0.0018931086041086846	0.0018645700481675004	0.0010354246537083766
125	admin	0.0010179890946388384	0.9869454628529467	9.964912614296177E-4	0.0018541029614661132	1.4973745395916054E-4	0.0019884345063486864	0.0022546785632261935	0.0018931086041086846	0.0018645700481675004	0.0010354246537083766
126	admin	0.0010179890946388384	0.9869454628529467	9.964912614296177E-4	0.0018541029614661132	1.4973745395916054E-4	0.0019884345063486864	0.0022546785632261935	0.0018931086041086846	0.0018645700481675004	0.0010354246537083766
127	admin	7.663952807231635E-4	0.9901718636140436	7.50210590725904E-4	0.0013958654047729298	1.1273016446459715E-4	0.00149699719743401	0.0016974396086406871	0.0014252308867808159	0.0014037455735223892	7.795216788919029E-4
128	admin	8.744551327967937E-4	0.9887861205246239	8.559884412646198E-4	0.0015926789981605773	1.2862484075329498E-4	0.001708070125175316	0.001936774424012404	0.0016261849410006972	0.0016016702513475328	8.894323208647547E-4
129	admin	8.744551327967937E-4	0.9887861205246239	8.559884412646198E-4	0.0015926789981605773	1.2862484075329498E-4	0.001708070125175316	0.001936774424012404	0.0016261849410006972	0.0016016702513475328	8.894323208647547E-4
130	admin	6.821049015023362E-4	0.9912527906028223	6.67700250724725E-4	0.00124234407280632	1.0033177351498032E-4	0.001332353097140016	0.0015107502697113435	0.0012684798538012882	0.0012493575577061746	6.937876202705415E-4
131	admin	8.744551327967937E-4	0.9887861205246239	8.559884412646198E-4	0.0015926789981605773	1.2862484075329498E-4	0.001708070125175316	0.001936774424012404	0.0016261849410006972	0.0016016702513475328	8.894323208647547E-4
132	admin	8.744551327967937E-4	0.9887861205246239	8.559884412646198E-4	0.0015926789981605773	1.2862484075329498E-4	0.001708070125175316	0.001936774424012404	0.0016261849410006972	0.0016016702513475328	8.894323208647547E-4
133	cluster	0.0010179890946388384	0.9869454628529467	9.964912614296177E-4	0.0018541029614661132	1.4973745395916054E-4	0.0019884345063486864	0.0022546785632261935	0.0018931086041086846	0.0018645700481675004	0.0010354246537083766
134	cluster	0.0010179890946388384	0.9869454628529467	9.964912614296177E-4	0.0018541029614661132	1.4973745395916054E-4	0.0019884345063486864	0.0022546785632261935	0.0018931086041086846	0.0018645700481675004	0.0010354246537083766
135	instance	0.0010179890946388384	0.9869454628529467	9.964912614296177E-4	0.0018541029614661132	1.4973745395916054E-4	0.0019884345063486864	0.0022546785632261935	0.0018931086041086846	0.0018645700481675004	0.0010354246537083766
136	namespace	6.821049015023362E-4	0.9912527906028223	6.67700250724725E-4	0.00124234407280632	1.0033177351498032E-4	0.001332353097140016	0.0015107502697113435	0.0012684798538012882	0.0012493575577061746	6.937876202705415E-4
137	namespace	0.9905282483584726	0.0014066471458520466	6.67700250724725E-4	0.00124234407280632	1.0033177351498032E-4	0.001332353097140016	0.0015107502697113435	0.0012684798538012882	0.0012493575577061746	6.937876202705415E-4
138	namespace	0.9878572609267757	0.0018033147306449452	8.559884412646198E-4	0.0015926789981605773	1.2862484075329498E-4	0.001708070125175316	0.001936774424012404	0.0016261849410006972	0.0016016702513475328	8.894323208647547E-4
139	namespace	8.744551327967937E-4	0.9887861205246239	8.559884412646198E-4	0.0015926789981605773	1.2862484075329498E-4	0.001708070125175316	0.001936774424012404	0.0016261849410006972	0.0016016702513475328	8.894323208647547E-4
140	namespace	8.744551327967937E-4	0.9887861205246239	8.559884412646198E-4	0.0015926789981605773	1.2862484075329498E-4	0.001708070125175316	0.001936774424012404	0.0016261849410006972	0.0016016702513475328	8.894323208647547E-4
141	namespace	6.821049015023362E-4	0.9912527906028223	6.67700250724725E-4	0.00124234407280632	1.0033177351498032E-4	0.001332353097140016	0.0015107502697113435	0.0012684798538012882	0.0012493575577061746	6.937876202705415E-4
142	namespace	8.744551327967937E-4	0.9887861205246239	8.559884412646198E-4	0.0015926789981605773	1.2862484075329498E-4	0.001708070125175316	0.001936774424012404	0.0016261849410006972	0.0016016702513475328	8.894323208647547E-4
143	namespace	0.9878572609267757	0.0018033147306449452	8.559884412646198E-4	0.0015926789981605773	1.2862484075329498E-4	0.001708070125175316	0.001936774424012404	0.0016261849410006972	0.0016016702513475328	8.894323208647547E-4
144	namespace	0.9905282483584726	0.0014066471458520466	6.67700250724725E-4	0.00124234407280632	1.0033177351498032E-4	0.001332353097140016	0.0015107502697113435	0.0012684798538012882	0.0012493575577061746	6.937876202705415E-4
145	namespace	6.821049015023362E-4	0.6613040761171656	6.67700250724725E-4	0.00124234407280632	1.0033177351498032E-4	0.001332353097140016	0.0015107502697113435	0.33121719433945807	0.0012493575577061746	6.937876202705415E-4
146	release	0.9858641392885966	0.0020993126589889	9.964912614296177E-4	0.0018541029614661132	1.4973745395916054E-4	0.0019884345063486864	0.0022546785632261935	0.0018931086041086846	0.0018645700481675004	0.0010354246537083766
147	release	7.663952807231635E-4	0.9901718636140436	7.50210590725904E-4	0.0013958654047729298	1.1273016446459715E-4	0.00149699719743401	0.0016974396086406871	0.0014252308867808159	0.0014037455735223892	7.795216788919029E-4
148	release	0.9893577868414958	0.0015804720532711547	7.50210590725904E-4	0.0013958654047729298	1.1273016446459715E-4	0.00149699719743401	0.0016974396086406871	0.0014252308867808159	0.0014037455735223892	7.795216788919029E-4
149	bootstrap	7.663952807231635E-4	0.9901718636140436	7.50210590725904E-4	0.0013958654047729298	1.1273016446459715E-4	0.00149699719743401	0.0016974396086406871	0.0014252308867808159	0.0014037455735223892	7.795216788919029E-4
150	bootstrap	7.663952807231635E-4	0.9901718636140436	7.50210590725904E-4	0.0013958654047729298	1.1273016446459715E-4	0.00149699719743401	0.0016974396086406871	0.0014252308867808159	0.0014037455735223892	7.795216788919029E-4
151	bootstrap	7.663952807231635E-4	0.9901718636140436	7.50210590725904E-4	0.0013958654047729298	1.1273016446459715E-4	0.00149699719743401	0.0016974396086406871	0.0014252308867808159	0.0014037455735223892	7.795216788919029E-4
152	bootstrap	7.663952807231635E-4	0.866597939668947	7.50210590725904E-4	0.12496978934986949	1.1273016446459715E-4	0.00149699719743401	0.0016974396086406871	0.0014252308867808159	0.0014037455735223892	7.795216788919029E-4
153	bootstrap	7.663952807231635E-4	0.9901718636140436	7.50210590725904E-4	0.0013958654047729298	1.1273016446459715E-4	0.00149699719743401	0.0016974396086406871	0.0014252308867808159	0.0014037455735223892	7.795216788919029E-4
154	bootstrap	7.663952807231635E-4	0.9901718636140436	7.50210590725904E-4	0.0013958654047729298	1.1273016446459715E-4	0.00149699719743401	0.0016974396086406871	0.0014252308867808159	0.0014037455735223892	7.795216788919029E-4
155	bootstrap	7.663952807231635E-4	0.9901718636140436	7.50210590725904E-4	0.0013958654047729298	1.1273016446459715E-4	0.00149699719743401	0.0016974396086406871	0.0014252308867808159	0.0014037455735223892	7.795216788919029E-4
156	bootstrap	7.663952807231635E-4	0.9901718636140436	7.50210590725904E-4	0.0013958654047729298	1.1273016446459715E-4	0.00149699719743401	0.0016974396086406871	0.0014252308867808159	0.0014037455735223892	7.795216788919029E-4
157	bootstrap	7.663952807231635E-4	0.9901718636140436	7.50210590725904E-4	0.0013958654047729298	1.1273016446459715E-4	0.00149699719743401	0.0016974396086406871	0.0014252308867808159	0.0014037455735223892	7.795216788919029E-4
158	java	0.9364556665530435	7.482710002235917E-4	3.551855459506145E-4	6.608693905375566E-4	5.337184719255651E-5	0.05921455116432293	8.036490307739696E-4	6.747724130861742E-4	6.646002390140511E-4	3.6906281585502007E-4
159	java	0.994293772930658	8.474301612261588E-4	4.022539218814973E-4	7.484462901880851E-4	6.044456227464538E-5	8.026719445946209E-4	9.101467616873165E-4	7.641917094765319E-4	7.526715421689868E-4	4.179701758442398E-4
160	refreshable	0.001515500806159519	0.0031252889091187125	0.001483496550189748	0.9802003998168337	2.2291715440025492E-4	0.002960222376877188	0.0033565852504659215	0.0028183087920918234	0.002775822870814997	0.0015414574730480788
161	notification	0.8937327710567127	1.6808120216354973E-4	7.978394664053131E-5	1.4844851878724835E-4	1.198871028695967E-5	0.10529464680265385	1.8052055360918368E-4	1.515715006253529E-4	1.4928656475833617E-4	8.290114376240767E-5
162	access	0.9969343859617212	4.552734700435407E-4	2.161069398198327E-4	4.020953646281737E-4	3.24732430719994E-5	4.3122756097497904E-4	4.889673431527673E-4	4.105544353631231E-4	4.043653394522584E-4	2.245503417720955E-4
163	abstract	0.9914667589921213	0.0012672691982308657	6.015410217762388E-4	0.0011192461319917467	9.03903772558349E-5	0.0012003365919818476	0.001361057240737139	0.0011427922432708253	0.0011255646841688523	6.250435184654523E-4
164	config	0.9858641392885966	0.0020993126589889	9.964912614296177E-4	0.0018541029614661132	1.4973745395916054E-4	0.0019884345063486864	0.0022546785632261935	0.0018931086041086846	0.0018645700481675004	0.0010354246537083766
165	config	0.9893577868414958	0.0015804720532711547	7.50210590725904E-4	0.0013958654047729298	1.1273016446459715E-4	0.00149699719743401	0.0016974396086406871	0.0014252308867808159	0.0014037455735223892	7.795216788919029E-4
166	default	0.9858641392885966	0.0020993126589889	9.964912614296177E-4	0.0018541029614661132	1.4973745395916054E-4	0.0019884345063486864	0.0022546785632261935	0.0018931086041086846	0.0018645700481675004	0.0010354246537083766
167	abstract	0.9905282483584726	0.0014066471458520466	6.67700250724725E-4	0.00124234407280632	1.0033177351498032E-4	0.001332353097140016	0.0015107502697113435	0.0012684798538012882	0.0012493575577061746	6.937876202705415E-4
168	abstract	0.9878572609267757	0.0018033147306449452	8.559884412646198E-4	0.0015926789981605773	1.2862484075329498E-4	0.001708070125175316	0.001936774424012404	0.0016261849410006972	0.0016016702513475328	8.894323208647547E-4
169	config	5.591180474918845E-4	0.9928299552922419	5.473106257890911E-4	0.0010183433527169957	8.224146342525824E-5	0.0010921233091888863	0.0012383545979341582	0.0010397667244115797	0.0010240922719443517	5.686943148558763E-4
170	config	5.128806051488481E-4	0.9934228972125737	5.020496230059148E-4	9.341293083521519E-4	7.544033271522243E-5	0.001001807876219715	0.0011359462611275277	9.537810292871775E-4	9.394028086183385E-4	5.216649429514704E-4
171	notification	0.992236051562634	0.0011530217770999768	5.473106257890911E-4	0.0010183433527169957	8.224146342525824E-5	0.0010921233091888863	0.0012383545979341582	0.0010397667244115797	0.0010240922719443517	5.686943148558763E-4
172	notification	5.591180474918845E-4	0.9928299552922419	5.473106257890911E-4	0.0010183433527169957	8.224146342525824E-5	0.0010921233091888863	0.0012383545979341582	0.0010397667244115797	0.0010240922719443517	5.686943148558763E-4
173	notification	0.9830882228524853	0.0025115632204225475	0.0011921763015922111	0.002218200697716764	1.791420065387843E-4	0.002378911474182098	0.0026974389589025966	0.0022648660369793835	0.002230723248786808	0.0012387552023933473
174	notification	0.992236051562634	0.0011530217770999768	5.473106257890911E-4	0.0010183433527169957	8.224146342525824E-5	0.0010921233091888863	0.0012383545979341582	0.0010397667244115797	0.0010240922719443517	5.686943148558763E-4
175	apollo	6.821049015023362E-4	0.9912527906028223	6.67700250724725E-4	0.00124234407280632	1.0033177351498032E-4	0.001332353097140016	0.0015107502697113435	0.0012684798538012882	0.0012493575577061746	6.937876202705415E-4
176	apollo	4.109319585638833E-4	0.9947302711333202	4.022539218814973E-4	7.484462901880851E-4	6.044456227464538E-5	8.026719445946209E-4	9.101467616873165E-4	7.641917094765319E-4	7.526715421689868E-4	4.179701758442398E-4
177	api	0.0010179890946388384	0.0020993126589889	9.964912614296177E-4	0.0018541029614661132	1.4973745395916054E-4	0.0019884345063486864	0.0022546785632261935	0.0018931086041086846	0.0018645700481675004	0.9858815748476663
178	config	6.821049015023362E-4	0.0014066471458520466	6.67700250724725E-4	0.00124234407280632	1.0033177351498032E-4	0.001332353097140016	0.0015107502697113435	0.0012684798538012882	0.9910955010146766	6.937876202705415E-4
179	config	8.744551327967937E-4	0.0018033147306449452	8.559884412646198E-4	0.0015926789981605773	1.2862484075329498E-4	0.001708070125175316	0.42492940547857483	0.5656163596804173	0.0016016702513475328	8.894323208647547E-4
180	config	6.821049015023362E-4	0.6613040761171656	6.67700250724725E-4	0.00124234407280632	1.0033177351498032E-4	0.001332353097140016	0.0015107502697113435	0.33121719433945807	0.0012493575577061746	6.937876202705415E-4
181	config	8.744551327967937E-4	0.0018033147306449452	8.559884412646198E-4	0.0015926789981605773	1.2862484075329498E-4	0.001708070125175316	0.001936774424012404	0.0016261849410006972	0.9885844760453265	8.894323208647547E-4
182	config	7.663952807231635E-4	0.0015804720532711547	7.50210590725904E-4	0.0013958654047729298	1.1273016446459715E-4	0.12507092114253057	0.0016974396086406871	0.8664426985024568	0.0014037455735223892	7.795216788919029E-4
183	permission	9.829908432941264E-5	0.14285081582117717	9.622321010771229E-5	1.7903592909237603E-4	1.4458951172974088E-5	1.9200725454964634E-4	2.1771631875970268E-4	1.8280239277615977E-4	0.8560686583408845	9.998269715034863E-5
184	rest	0.9893577868414958	0.0015804720532711547	7.50210590725904E-4	0.0013958654047729298	1.1273016446459715E-4	0.00149699719743401	0.0016974396086406871	0.0014252308867808159	0.0014037455735223892	7.795216788919029E-4
185	rest	0.0010179890946388384	0.0020993126589889	9.964912614296177E-4	0.0018541029614661132	1.4973745395916054E-4	0.0019884345063486864	0.0022546785632261935	0.9867392587980666	0.0018645700481675004	0.0010354246537083766
186	permission	8.723751465461091E-5	1.799025351230587E-4	8.539523800399794E-5	1.588890638651116E-4	1.2831889263745777E-5	1.704007295371565E-4	1.9321675962615748E-4	1.6223168839769666E-4	0.9988611629105534	8.873167097499841E-5
187	portal	6.821049015023362E-4	0.0014066471458520466	6.67700250724725E-4	0.00124234407280632	1.0033177351498032E-4	0.001332353097140016	0.0015107502697113435	0.9911146233107715	0.0012493575577061746	6.937876202705415E-4
188	system	1.5864796858814457E-4	3.271662638961031E-4	1.552976502147443E-4	2.8895168910843787E-4	2.3335753808452754E-5	3.0988651721726765E-4	3.513791805421813E-4	2.9503050272373937E-4	0.9979289392698903	1.6136520401055564E-4
189	ctrip	8.744551327967937E-4	0.0018033147306449452	8.559884412646198E-4	0.0015926789981605773	1.2862484075329498E-4	0.001708070125175316	0.001936774424012404	0.9886089907349798	0.0016016702513475328	8.894323208647547E-4
190	ctrip	6.821049015023362E-4	0.0014066471458520466	6.67700250724725E-4	0.00124234407280632	1.0033177351498032E-4	0.001332353097140016	0.0015107502697113435	0.9911146233107715	0.0012493575577061746	6.937876202705415E-4
191	ctrip	0.0010179890946388384	0.0020993126589889	9.964912614296177E-4	0.0018541029614661132	1.4973745395916054E-4	0.0019884345063486864	0.0022546785632261935	0.9867392587980666	0.0018645700481675004	0.0010354246537083766
192	ctrip	0.0010179890946388384	0.0020993126589889	9.964912614296177E-4	0.0018541029614661132	1.4973745395916054E-4	0.0019884345063486864	0.0022546785632261935	0.9867392587980666	0.0018645700481675004	0.0010354246537083766
193	ctrip	0.0010179890946388384	0.9869454628529467	9.964912614296177E-4	0.0018541029614661132	1.4973745395916054E-4	0.0019884345063486864	0.0022546785632261935	0.0018931086041086846	0.0018645700481675004	0.0010354246537083766
194	ctrip	0.9858641392885966	0.0020993126589889	9.964912614296177E-4	0.0018541029614661132	1.4973745395916054E-4	0.0019884345063486864	0.0022546785632261935	0.0018931086041086846	0.0018645700481675004	0.0010354246537083766
195	ctrip	0.0010179890946388384	0.0020993126589889	9.964912614296177E-4	0.0018541029614661132	1.4973745395916054E-4	0.0019884345063486864	0.16639570359555253	0.8225982337657403	0.0018645700481675004	0.0010354246537083766
196	default	6.821049015023362E-4	0.0014066471458520466	6.67700250724725E-4	0.00124234407280632	1.0033177351498032E-4	0.001332353097140016	0.0015107502697113435	0.0012684798538012882	0.9910955010146766	6.937876202705415E-4
197	default	8.744551327967937E-4	0.0018033147306449452	8.559884412646198E-4	0.0015926789981605773	1.2862484075329498E-4	0.001708070125175316	0.001936774424012404	0.0016261849410006972	0.9885844760453265	8.894323208647547E-4
198	default	8.744551327967937E-4	0.0018033147306449452	8.559884412646198E-4	0.0015926789981605773	1.2862484075329498E-4	0.001708070125175316	0.001936774424012404	0.0016261849410006972	0.9885844760453265	8.894323208647547E-4
199	default	8.744551327967937E-4	0.0018033147306449452	8.559884412646198E-4	0.0015926789981605773	1.2862484075329498E-4	0.001708070125175316	0.001936774424012404	0.0016261849410006972	0.9885844760453265	8.894323208647547E-4
200	default	6.821049015023362E-4	0.0014066471458520466	6.67700250724725E-4	0.00124234407280632	1.0033177351498032E-4	0.001332353097140016	0.0015107502697113435	0.0012684798538012882	0.9910955010146766	6.937876202705415E-4
201	default	6.821049015023362E-4	0.0014066471458520466	6.67700250724725E-4	0.00124234407280632	1.0033177351498032E-4	0.001332353097140016	0.0015107502697113435	0.0012684798538012882	0.9910955010146766	6.937876202705415E-4
202	default	8.744551327967937E-4	0.0018033147306449452	8.559884412646198E-4	0.0015926789981605773	1.2862484075329498E-4	0.001708070125175316	0.001936774424012404	0.0016261849410006972	0.9885844760453265	8.894323208647547E-4
203	default	8.744551327967937E-4	0.0018033147306449452	8.559884412646198E-4	0.0015926789981605773	1.2862484075329498E-4	0.001708070125175316	0.001936774424012404	0.5656163596804173	0.42459430130590997	8.894323208647547E-4
204	default	6.821049015023362E-4	0.0014066471458520466	6.67700250724725E-4	0.00124234407280632	1.0033177351498032E-4	0.001332353097140016	0.0015107502697113435	0.0012684798538012882	0.9910955010146766	6.937876202705415E-4
205	ldap	0.0010179890946388384	0.0020993126589889	9.964912614296177E-4	0.0018541029614661132	1.4973745395916054E-4	0.9868345847003065	0.0022546785632261935	0.0018931086041086846	0.0018645700481675004	0.0010354246537083766
206	ldap	7.663952807231635E-4	0.0015804720532711547	7.50210590725904E-4	0.0013958654047729298	1.1273016446459715E-4	0.9900883887582066	0.0016974396086406871	0.0014252308867808159	0.0014037455735223892	7.795216788919029E-4
207	ldap	0.0010179890946388384	0.0020993126589889	9.964912614296177E-4	0.0018541029614661132	1.4973745395916054E-4	0.9868345847003065	0.0022546785632261935	0.0018931086041086846	0.0018645700481675004	0.0010354246537083766
208	spring	6.145183845040334E-4	0.0012672691982308657	6.015410217762388E-4	0.0011192461319917467	9.03903772558349E-5	0.0012003365919818476	0.001361057240737139	0.0011427922432708253	0.9919778052917861	6.250435184654523E-4
209	spring	8.744551327967937E-4	0.0018033147306449452	8.559884412646198E-4	0.0015926789981605773	1.2862484075329498E-4	0.001708070125175316	0.001936774424012404	0.0016261849410006972	0.9885844760453265	8.894323208647547E-4
210	address	8.744551327967937E-4	0.0018033147306449452	8.559884412646198E-4	0.0015926789981605773	1.2862484075329498E-4	0.9886908759191543	0.001936774424012404	0.0016261849410006972	0.0016016702513475328	8.894323208647547E-4
211	address	6.821049015023362E-4	0.0014066471458520466	6.67700250724725E-4	0.00124234407280632	1.0033177351498032E-4	0.9911784965541104	0.0015107502697113435	0.0012684798538012882	0.0012493575577061746	6.937876202705415E-4
212	address	5.591180474918845E-4	0.0011530217770999768	5.473106257890911E-4	0.0010183433527169957	8.224146342525824E-5	0.9927690568243309	0.0012383545979341582	0.0010397667244115797	0.0010240922719443517	5.686943148558763E-4
213	server	0.0010179890946388384	0.0020993126589889	9.964912614296177E-4	0.0018541029614661132	1.4973745395916054E-4	0.9868345847003065	0.0022546785632261935	0.0018931086041086846	0.0018645700481675004	0.0010354246537083766
214	server	6.145183845040334E-4	0.0012672691982308657	6.015410217762388E-4	0.0011192461319917467	9.03903772558349E-5	0.9920525771995992	0.001361057240737139	0.0011427922432708253	0.0011255646841688523	6.250435184654523E-4
215	operation	0.0012178957517064509	0.0025115632204225475	0.0011921763015922111	0.002218200697716764	1.791420065387843E-4	0.002378911474182098	0.0026974389589025966	0.0022648660369793835	0.002230723248786808	0.9831090823031723
216	cmdb	0.0029641312833693753	0.006112676804548685	0.002901534935062996	0.005398687097546273	4.359982576531383E-4	0.9616655821227478	0.006565063710797535	0.005512261836405133	0.005429164653053219	0.0030148992988159335
217	capacity	0.0010179890946388384	0.0020993126589889	9.964912614296177E-4	0.0018541029614661132	1.4973745395916054E-4	0.0019884345063486864	0.9871008287571841	0.0018931086041086846	0.0018645700481675004	0.0010354246537083766
218	capacity	0.0010179890946388384	0.0020993126589889	9.964912614296177E-4	0.0018541029614661132	1.4973745395916054E-4	0.0019884345063486864	0.9871008287571841	0.0018931086041086846	0.0018645700481675004	0.0010354246537083766
219	embed	7.663952807231635E-4	0.0015804720532711547	7.50210590725904E-4	0.0013958654047729298	1.1273016446459715E-4	0.00149699719743401	0.9902888311694132	0.0014252308867808159	0.0014037455735223892	7.795216788919029E-4
220	embed	5.591180474918845E-4	0.0011530217770999768	5.473106257890911E-4	0.0010183433527169957	8.224146342525824E-5	0.0010921233091888863	0.9929152881130762	0.0010397667244115797	0.0010240922719443517	5.686943148558763E-4
221	embed	7.663952807231635E-4	0.0015804720532711547	7.50210590725904E-4	0.0013958654047729298	1.1273016446459715E-4	0.00149699719743401	0.9902888311694132	0.0014252308867808159	0.0014037455735223892	7.795216788919029E-4
222	embed	5.591180474918845E-4	0.0011530217770999768	5.473106257890911E-4	0.0010183433527169957	8.224146342525824E-5	0.0010921233091888863	0.9929152881130762	0.0010397667244115797	0.0010240922719443517	5.686943148558763E-4
223	embed	7.663952807231635E-4	0.0015804720532711547	7.50210590725904E-4	0.0013958654047729298	1.1273016446459715E-4	0.00149699719743401	0.9902888311694132	0.0014252308867808159	0.0014037455735223892	7.795216788919029E-4
224	embed	5.591180474918845E-4	0.0011530217770999768	5.473106257890911E-4	0.0010183433527169957	8.224146342525824E-5	0.0010921233091888863	0.9929152881130762	0.0010397667244115797	0.0010240922719443517	5.686943148558763E-4
225	external	5.591180474918845E-4	0.0011530217770999768	5.473106257890911E-4	0.0010183433527169957	8.224146342525824E-5	0.0010921233091888863	0.9929152881130762	0.0010397667244115797	0.0010240922719443517	5.686943148558763E-4
226	external	5.591180474918845E-4	0.0011530217770999768	5.473106257890911E-4	0.0010183433527169957	8.224146342525824E-5	0.0010921233091888863	0.9929152881130762	0.0010397667244115797	0.0010240922719443517	5.686943148558763E-4
227	external	5.591180474918845E-4	0.0011530217770999768	5.473106257890911E-4	0.0010183433527169957	8.224146342525824E-5	0.0010921233091888863	0.9929152881130762	0.0010397667244115797	0.0010240922719443517	5.686943148558763E-4
228	capacity	5.591180474918845E-4	0.0011530217770999768	5.473106257890911E-4	0.0010183433527169957	8.224146342525824E-5	0.0010921233091888863	0.9929152881130762	0.0010397667244115797	0.0010240922719443517	5.686943148558763E-4
229	communication	3.2483830150805093E-4	6.698865067137498E-4	3.179783855594777E-4	5.916405784655063E-4	4.778092464093667E-5	6.345055080687931E-4	0.9958839000344455	6.040872016876718E-4	5.949806050765206E-4	3.304019538338172E-4
230	config	2.47163951617534E-4	5.097052760280257E-4	2.4194435797435186E-4	4.501692769354477E-4	3.6355694791430904E-5	4.827844745195085E-4	0.47878136442192426	0.518546404659435	4.5271064650872003E-4	2.5139724026569665E-4
231	config	3.0867101634648666E-4	6.365460843262226E-4	3.0215252016525633E-4	5.62194475894478E-4	4.54028558283398E-5	6.029260070127049E-4	0.996088759380119	5.740216275026217E-4	5.653682685287205E-4	3.139577642762107E-4
232	config	0.0012178957517064509	0.0025115632204225475	0.0011921763015922111	0.002218200697716764	1.791420065387843E-4	0.002378911474182098	0.9845677660596815	0.0022648660369793835	0.002230723248786808	0.0012387552023933473
233	config	0.0012178957517064509	0.0025115632204225475	0.0011921763015922111	0.002218200697716764	1.791420065387843E-4	0.002378911474182098	0.9845677660596815	0.0022648660369793835	0.002230723248786808	0.0012387552023933473
234	health	0.0010179890946388384	0.0020993126589889	9.964912614296177E-4	0.0018541029614661132	1.4973745395916054E-4	0.9868345847003065	0.0022546785632261935	0.0018931086041086846	0.0018645700481675004	0.0010354246537083766
235	history	0.0010179890946388384	0.0020993126589889	9.964912614296177E-4	0.0018541029614661132	1.4973745395916054E-4	0.0019884345063486864	0.8229598037248578	0.166034133636435	0.0018645700481675004	0.0010354246537083766
236	listener	5.591180474918845E-4	0.0011530217770999768	5.473106257890911E-4	0.0010183433527169957	8.224146342525824E-5	0.0010921233091888863	0.9929152881130762	0.0010397667244115797	0.0010240922719443517	5.686943148558763E-4
237	curcuit	0.0010179890946388384	0.0020993126589889	9.964912614296177E-4	0.0018541029614661132	1.4973745395916054E-4	0.9868345847003065	0.0022546785632261935	0.0018931086041086846	0.0018645700481675004	0.0010354246537083766
238	curcuit	0.002005585842645109	0.00413594975656153	0.9721079547748995	0.003652851165013782	2.9500445471939015E-4	0.0039175037492663834	0.004442043072893785	0.0037296979260244877	0.0036734728406413474	0.002039936417334589
239	curcuit	8.744551327967937E-4	0.0018033147306449452	8.559884412646198E-4	0.9885754847921396	1.2862484075329498E-4	0.001708070125175316	0.001936774424012404	0.0016261849410006972	0.0016016702513475328	8.894323208647547E-4
240	memory	1.03206487513595E-4	2.1283399485132724E-4	1.0102697904306082E-4	1.8797397255946135E-4	0.9984788425118962	2.0159286787240556E-4	2.2858541040199525E-4	1.9192847009931813E-4	1.8903515411694522E-4	1.0497415164563686E-4
241	capacity	6.821049015023362E-4	0.0014066471458520466	6.67700250724725E-4	0.00124234407280632	1.0033177351498032E-4	0.001332353097140016	0.9913568937266817	0.0012684798538012882	0.0012493575577061746	6.937876202705415E-4
242	capacity	6.821049015023362E-4	0.0014066471458520466	6.67700250724725E-4	0.00124234407280632	1.0033177351498032E-4	0.22129816275424455	0.7713910840695771	0.0012684798538012882	0.0012493575577061746	6.937876202705415E-4
243	capacity	0.0012178957517064509	0.0025115632204225475	0.0011921763015922111	0.002218200697716764	1.791420065387843E-4	0.002378911474182098	0.9845677660596815	0.0022648660369793835	0.002230723248786808	0.0012387552023933473
244	config	0.0010179890946388384	0.0020993126589889	9.964912614296177E-4	0.0018541029614661132	1.4973745395916054E-4	0.0019884345063486864	0.9871008287571841	0.0018931086041086846	0.0018645700481675004	0.0010354246537083766
245	config	3.0867101634648666E-4	6.365460843262226E-4	3.0215252016525633E-4	5.62194475894478E-4	4.54028558283398E-5	0.9960080298083923	6.836555787393533E-4	5.740216275026217E-4	5.653682685287205E-4	3.139577642762107E-4
246	merge	1.9946781289603832E-4	4.1134557028044074E-4	1.9525546347615736E-4	3.632984523659584E-4	0.5467881162175247	3.896197750616393E-4	0.4185514408277734	3.709413340721505E-4	0.03252763035831849	2.028841882310357E-4
247	async	4.245204267705007E-5	8.754525079022209E-5	4.1555542962398686E-5	7.731954935698914E-5	0.9993743005487422	8.292142515925619E-5	9.402429858353862E-5	7.894615735782993E-5	7.775604638204747E-5	4.317913798840098E-5
248	notify	2.1318055895825955E-4	4.396242046484586E-4	2.0867862458188096E-4	3.8827400781905235E-4	0.9968579377964512	4.164048335563882E-4	4.72159907125814E-4	3.964423121209954E-4	3.9046595604857434E-4	2.168317986893812E-4
249	notify	3.628481516559748E-4	7.482710002235917E-4	3.551855459506145E-4	6.608693905375566E-4	0.4095939798977996	0.5857667615151035	8.036490307739696E-4	6.747724130861742E-4	6.646002390140511E-4	3.6906281585502007E-4
250	dump	0.0012178957517064509	0.0025115632204225475	0.0011921763015922111	0.19859226611787256	1.791420065387843E-4	0.002378911474182098	0.7881937006395258	0.0022648660369793835	0.002230723248786808	0.0012387552023933473
251	console	0.0010179890946388384	0.0020993126589889	9.964912614296177E-4	0.986700253155424	1.4973745395916054E-4	0.0019884345063486864	0.0022546785632261935	0.0018931086041086846	0.0018645700481675004	0.0010354246537083766
252	health	3.2483830150805093E-4	6.698865067137498E-4	0.05269505399481042	0.419608245452473	4.778092464093667E-5	6.345055080687931E-4	0.524490219551187	6.040872016876718E-4	5.949806050765206E-4	3.304019538338172E-4
253	namespace	0.0012178957517064509	0.0025115632204225475	0.0011921763015922111	0.002218200697716764	1.791420065387843E-4	0.002378911474182098	0.9845677660596815	0.0022648660369793835	0.002230723248786808	0.0012387552023933473
254	permission	7.663952807231635E-4	0.0015804720532711547	7.50210590725904E-4	0.0013958654047729298	1.1273016446459715E-4	0.00149699719743401	0.0016974396086406871	0.0014252308867808159	0.989995137134295	7.795216788919029E-4
255	role	8.744551327967937E-4	0.0018033147306449452	8.559884412646198E-4	0.0015926789981605773	1.2862484075329498E-4	0.001708070125175316	0.001936774424012404	0.0016261849410006972	0.9885844760453265	8.894323208647547E-4
256	user	0.42386708618735924	0.0018033147306449452	8.559884412646198E-4	0.0015926789981605773	1.2862484075329498E-4	0.001708070125175316	0.001936774424012404	0.5656163596804173	0.0016016702513475328	8.894323208647547E-4
257	user	0.0012178957517064509	0.0025115632204225475	0.0011921763015922111	0.002218200697716764	1.791420065387843E-4	0.9842492385749609	0.0026974389589025966	0.0022648660369793835	0.002230723248786808	0.0012387552023933473
258	user	6.821049015023362E-4	0.0014066471458520466	6.67700250724725E-4	0.00124234407280632	1.0033177351498032E-4	0.001332353097140016	0.0015107502697113435	0.0012684798538012882	0.9910955010146766	6.937876202705415E-4
259	user	8.744551327967937E-4	0.0018033147306449452	8.559884412646198E-4	0.0015926789981605773	1.2862484075329498E-4	0.001708070125175316	0.001936774424012404	0.0016261849410006972	0.9885844760453265	8.894323208647547E-4
260	user	0.0012178957517064509	0.0025115632204225475	0.0011921763015922111	0.002218200697716764	1.791420065387843E-4	0.002378911474182098	0.0026974389589025966	0.9841351931377583	0.002230723248786808	0.0012387552023933473
261	user	0.0010179890946388384	0.0020993126589889	9.964912614296177E-4	0.0018541029614661132	1.4973745395916054E-4	0.0019884345063486864	0.0022546785632261935	0.0018931086041086846	0.9867107202421254	0.0010354246537083766
262	custom	6.145183845040334E-4	0.0012672691982308657	6.015410217762388E-4	0.10020447019275347	9.03903772558349E-5	0.0012003365919818476	0.001361057240737139	0.0011427922432708253	0.8928925812310244	6.250435184654523E-4
263	jwt	0.0010179890946388384	0.0020993126589889	9.964912614296177E-4	0.0018541029614661132	1.4973745395916054E-4	0.0019884345063486864	0.0022546785632261935	0.8225982337657403	0.1660055950804938	0.0010354246537083766
264	naco	0.001515500806159519	0.0031252889091187125	0.001483496550189748	0.9802003998168337	2.2291715440025492E-4	0.002960222376877188	0.0033565852504659215	0.0028183087920918234	0.002775822870814997	0.0015414574730480788
265	naco	8.744551327967937E-4	0.0018033147306449452	8.559884412646198E-4	0.0015926789981605773	1.2862484075329498E-4	0.14270561381002944	0.001936774424012404	0.8476114470501256	0.0016016702513475328	8.894323208647547E-4
266	naco	0.0010179890946388384	0.0020993126589889	9.964912614296177E-4	0.0018541029614661132	1.4973745395916054E-4	0.0019884345063486864	0.0022546785632261935	0.9867392587980666	0.0018645700481675004	0.0010354246537083766
267	naco	6.145183845040334E-4	0.0012672691982308657	6.015410217762388E-4	0.0011192461319917467	9.03903772558349E-5	0.0012003365919818476	0.001361057240737139	0.0011427922432708253	0.9919778052917861	6.250435184654523E-4
268	naco	8.744551327967937E-4	0.0018033147306449452	8.559884412646198E-4	0.0015926789981605773	1.2862484075329498E-4	0.5656982448645919	0.001936774424012404	0.42461881599556317	0.0016016702513475328	8.894323208647547E-4
269	naco	0.0010179890946388384	0.0020993126589889	9.964912614296177E-4	0.0018541029614661132	1.4973745395916054E-4	0.9868345847003065	0.0022546785632261935	0.0018931086041086846	0.0018645700481675004	0.0010354246537083766
270	naco	7.663952807231635E-4	0.0015804720532711547	7.50210590725904E-4	0.0013958654047729298	1.1273016446459715E-4	0.00149699719743401	0.0016974396086406871	0.0014252308867808159	0.989995137134295	7.795216788919029E-4
271	naco	8.744551327967937E-4	0.0018033147306449452	8.559884412646198E-4	0.0015926789981605773	1.2862484075329498E-4	0.001708070125175316	0.001936774424012404	0.0016261849410006972	0.9885844760453265	8.894323208647547E-4
272	naco	6.821049015023362E-4	0.0014066471458520466	6.67700250724725E-4	0.00124234407280632	1.0033177351498032E-4	0.001332353097140016	0.4414423695839204	0.0012684798538012882	0.5511638817004675	6.937876202705415E-4
273	naco	0.09071156654886843	0.0011530217770999768	5.473106257890911E-4	0.0010183433527169957	8.224146342525824E-5	0.0010921233091888863	0.0012383545979341582	0.0010397667244115797	0.9025485772857099	5.686943148558763E-4
274	naco	6.821049015023362E-4	0.0014066471458520466	6.67700250724725E-4	0.00124234407280632	1.0033177351498032E-4	0.001332353097140016	0.5514252744124727	0.0012684798538012882	0.44118097687191515	6.937876202705415E-4
275	naco	6.145183845040334E-4	0.0012672691982308657	6.015410217762388E-4	0.0011192461319917467	9.03903772558349E-5	0.0012003365919818476	0.49678717754454577	0.0011427922432708253	0.49655168498797747	6.250435184654523E-4
276	naco	7.663952807231635E-4	0.0015804720532711547	7.50210590725904E-4	0.0013958654047729298	1.1273016446459715E-4	0.00149699719743401	0.0016974396086406871	0.0014252308867808159	0.989995137134295	7.795216788919029E-4
277	auth	0.0012178957517064509	0.0025115632204225475	0.0011921763015922111	0.002218200697716764	1.791420065387843E-4	0.002378911474182098	0.0026974389589025966	0.9841351931377583	0.002230723248786808	0.0012387552023933473
278	auth	0.0012178957517064509	0.0025115632204225475	0.0011921763015922111	0.002218200697716764	1.791420065387843E-4	0.002378911474182098	0.0026974389589025966	0.9841351931377583	0.002230723248786808	0.0012387552023933473
279	auth	0.0012178957517064509	0.0025115632204225475	0.0011921763015922111	0.002218200697716764	1.791420065387843E-4	0.002378911474182098	0.0026974389589025966	0.0022648660369793835	0.9841010503495657	0.0012387552023933473
280	auth	0.0010179890946388384	0.0020993126589889	9.964912614296177E-4	0.986700253155424	1.4973745395916054E-4	0.0019884345063486864	0.0022546785632261935	0.0018931086041086846	0.0018645700481675004	0.0010354246537083766
281	protocol	0.0010179890946388384	0.0020993126589889	9.964912614296177E-4	0.0018541029614661132	1.4973745395916054E-4	0.9868345847003065	0.0022546785632261935	0.0018931086041086846	0.0018645700481675004	0.0010354246537083766
282	naco	6.145183845040334E-4	0.0012672691982308657	6.015410217762388E-4	0.9919714867396089	9.03903772558349E-5	0.0012003365919818476	0.001361057240737139	0.0011427922432708253	0.0011255646841688523	6.250435184654523E-4
283	standalone	0.0010179890946388384	0.0020993126589889	9.964912614296177E-4	0.986700253155424	1.4973745395916054E-4	0.0019884345063486864	0.0022546785632261935	0.0018931086041086846	0.0018645700481675004	0.0010354246537083766
284	naco	0.0010179890946388384	0.0020993126589889	9.964912614296177E-4	0.0018541029614661132	1.4973745395916054E-4	0.0019884345063486864	0.0022546785632261935	0.9867392587980666	0.0018645700481675004	0.0010354246537083766
285	naco	0.0010179890946388384	0.0020993126589889	9.964912614296177E-4	0.0018541029614661132	1.4973745395916054E-4	0.0019884345063486864	0.0022546785632261935	0.9867392587980666	0.0018645700481675004	0.0010354246537083766
286	naco	7.663952807231635E-4	0.0015804720532711547	7.50210590725904E-4	0.0013958654047729298	1.1273016446459715E-4	0.00149699719743401	0.0016974396086406871	0.9900166224475533	0.0014037455735223892	7.795216788919029E-4
287	naco	0.0010179890946388384	0.0020993126589889	9.964912614296177E-4	0.0018541029614661132	1.4973745395916054E-4	0.0019884345063486864	0.0022546785632261935	0.0018931086041086846	0.9867107202421254	0.0010354246537083766
288	naco	0.0010179890946388384	0.0020993126589889	9.964912614296177E-4	0.0018541029614661132	1.4973745395916054E-4	0.0019884345063486864	0.0022546785632261935	0.9867392587980666	0.0018645700481675004	0.0010354246537083766
289	server	0.001515500806159519	0.0031252889091187125	0.7345636161813154	0.002760240308666115	2.2291715440025492E-4	0.24732026225391907	0.0033565852504659215	0.0028183087920918234	0.002775822870814997	0.0015414574730480788
290	task	0.0012178957517064509	0.0025115632204225475	0.0011921763015922111	0.002218200697716764	1.791420065387843E-4	0.002378911474182098	0.0026974389589025966	0.9841351931377583	0.002230723248786808	0.0012387552023933473
291	task	0.0012178957517064509	0.0025115632204225475	0.9830625034023711	0.002218200697716764	1.791420065387843E-4	0.002378911474182098	0.0026974389589025966	0.0022648660369793835	0.002230723248786808	0.0012387552023933473
292	raft	8.744551327967937E-4	0.0018033147306449452	8.559884412646198E-4	0.0015926789981605773	1.2862484075329498E-4	0.001708070125175316	0.9889195802179914	0.0016261849410006972	0.0016016702513475328	8.894323208647547E-4
293	raft	8.744551327967937E-4	0.0018033147306449452	8.559884412646198E-4	0.0015926789981605773	1.2862484075329498E-4	0.001708070125175316	0.9889195802179914	0.0016261849410006972	0.0016016702513475328	8.894323208647547E-4
294	raft	0.0012178957517064509	0.0025115632204225475	0.39394030714190376	0.002218200697716764	1.791420065387843E-4	0.002378911474182098	0.0026974389589025966	0.0022648660369793835	0.5913529195092542	0.0012387552023933473
295	raft	0.0012178957517064509	0.0025115632204225475	0.0011921763015922111	0.002218200697716764	1.791420065387843E-4	0.002378911474182098	0.9845677660596815	0.0022648660369793835	0.002230723248786808	0.0012387552023933473
296	raft	0.002005585842645109	0.00413594975656153	0.9721079547748995	0.003652851165013782	2.9500445471939015E-4	0.0039175037492663834	0.004442043072893785	0.0037296979260244877	0.0036734728406413474	0.002039936417334589
297	raft	0.0012178957517064509	0.0025115632204225475	0.0011921763015922111	0.002218200697716764	1.791420065387843E-4	0.002378911474182098	0.0026974389589025966	0.9841351931377583	0.002230723248786808	0.0012387552023933473
298	raft	0.0012178957517064509	0.0025115632204225475	0.0011921763015922111	0.002218200697716764	1.791420065387843E-4	0.002378911474182098	0.9845677660596815	0.0022648660369793835	0.002230723248786808	0.0012387552023933473
299	raft	0.0012178957517064509	0.0025115632204225475	0.0011921763015922111	0.002218200697716764	1.791420065387843E-4	0.002378911474182098	0.59181963521937	0.0022648660369793835	0.002230723248786808	0.3939868860427049
300	raft	0.0010179890946388384	0.0020993126589889	9.964912614296177E-4	0.0018541029614661132	1.4973745395916054E-4	0.9868345847003065	0.0022546785632261935	0.0018931086041086846	0.0018645700481675004	0.0010354246537083766
301	api	0.0012178957517064509	0.0025115632204225475	0.9830625034023711	0.002218200697716764	1.791420065387843E-4	0.002378911474182098	0.0026974389589025966	0.0022648660369793835	0.002230723248786808	0.0012387552023933473
302	api	0.0012178957517064509	0.0025115632204225475	0.0011921763015922111	0.002218200697716764	1.791420065387843E-4	0.9842492385749609	0.0026974389589025966	0.0022648660369793835	0.002230723248786808	0.0012387552023933473
303	catalog	0.0012178957517064509	0.0025115632204225475	0.0011921763015922111	0.002218200697716764	1.791420065387843E-4	0.3951270423144937	0.0026974389589025966	0.0022648660369793835	0.5913529195092542	0.0012387552023933473
304	cluster	0.0012178957517064509	0.0025115632204225475	0.0011921763015922111	0.002218200697716764	1.791420065387843E-4	0.7878751731548052	0.0026974389589025966	0.0022648660369793835	0.19860478866894257	0.0012387552023933473
305	distro	0.002005585842645109	0.00413594975656153	0.0019632319999968676	0.9737975739399165	2.9500445471939015E-4	0.0039175037492663834	0.004442043072893785	0.0037296979260244877	0.0036734728406413474	0.002039936417334589
306	distro	8.744551327967937E-4	0.0018033147306449452	0.1418535321261188	0.0015926789981605773	1.2862484075329498E-4	0.001708070125175316	0.8479220365331374	0.0016261849410006972	0.0016016702513475328	8.894323208647547E-4
307	distro	0.0012178957517064509	0.0025115632204225475	0.0011921763015922111	0.002218200697716764	1.791420065387843E-4	0.002378911474182098	0.0026974389589025966	0.9841351931377583	0.002230723248786808	0.0012387552023933473
308	distro	0.0012178957517064509	0.0025115632204225475	0.0011921763015922111	0.002218200697716764	1.791420065387843E-4	0.9842492385749609	0.0026974389589025966	0.0022648660369793835	0.002230723248786808	0.0012387552023933473
309	distro	0.002005585842645109	0.00413594975656153	0.9721079547748995	0.003652851165013782	2.9500445471939015E-4	0.0039175037492663834	0.004442043072893785	0.0037296979260244877	0.0036734728406413474	0.002039936417334589
310	health	0.0012178957517064509	0.0025115632204225475	0.0011921763015922111	0.002218200697716764	1.791420065387843E-4	0.5915011077346495	0.39544556979921414	0.0022648660369793835	0.002230723248786808	0.0012387552023933473
311	health	0.0012178957517064509	0.0025115632204225475	0.0011921763015922111	0.002218200697716764	1.791420065387843E-4	0.002378911474182098	0.9845677660596815	0.0022648660369793835	0.002230723248786808	0.0012387552023933473
312	instance	0.002005585842645109	0.00413594975656153	0.9721079547748995	0.003652851165013782	2.9500445471939015E-4	0.0039175037492663834	0.004442043072893785	0.0037296979260244877	0.0036734728406413474	0.002039936417334589
313	instance	0.0012178957517064509	0.0025115632204225475	0.0011921763015922111	0.002218200697716764	1.791420065387843E-4	0.002378911474182098	0.9845677660596815	0.0022648660369793835	0.002230723248786808	0.0012387552023933473
314	instance	0.0012178957517064509	0.0025115632204225475	0.0011921763015922111	0.002218200697716764	1.791420065387843E-4	0.9842492385749609	0.0026974389589025966	0.0022648660369793835	0.002230723248786808	0.0012387552023933473
315	raft	7.663952807231635E-4	0.0015804720532711547	7.50210590725904E-4	0.0013958654047729298	1.1273016446459715E-4	0.00149699719743401	0.9902888311694132	0.0014252308867808159	0.0014037455735223892	7.795216788919029E-4
316	raft	0.0012178957517064509	0.0025115632204225475	0.0011921763015922111	0.002218200697716764	1.791420065387843E-4	0.002378911474182098	0.0026974389589025966	0.0022648660369793835	0.9841010503495657	0.0012387552023933473
317	raft	0.0012178957517064509	0.0025115632204225475	0.0011921763015922111	0.002218200697716764	1.791420065387843E-4	0.002378911474182098	0.9845677660596815	0.0022648660369793835	0.002230723248786808	0.0012387552023933473
318	service	0.0012178957517064509	0.0025115632204225475	0.0011921763015922111	0.002218200697716764	1.791420065387843E-4	0.9842492385749609	0.0026974389589025966	0.0022648660369793835	0.002230723248786808	0.0012387552023933473
319	service	0.0012178957517064509	0.0025115632204225475	0.9830625034023711	0.002218200697716764	1.791420065387843E-4	0.002378911474182098	0.0026974389589025966	0.0022648660369793835	0.002230723248786808	0.0012387552023933473
320	service	0.0010179890946388384	0.0020993126589889	9.964912614296177E-4	0.0018541029614661132	1.4973745395916054E-4	0.9868345847003065	0.0022546785632261935	0.0018931086041086846	0.0018645700481675004	0.0010354246537083766
321	service	0.0012178957517064509	0.0025115632204225475	0.0011921763015922111	0.002218200697716764	1.791420065387843E-4	0.9842492385749609	0.0026974389589025966	0.0022648660369793835	0.002230723248786808	0.0012387552023933473
322	subscribe	0.0012178957517064509	0.0025115632204225475	0.0011921763015922111	0.002218200697716764	1.791420065387843E-4	0.002378911474182098	0.7881937006395258	0.0022648660369793835	0.19860478866894257	0.0012387552023933473
323	subscribe	0.0010179890946388384	0.0020993126589889	9.964912614296177E-4	0.0018541029614661132	1.4973745395916054E-4	0.9868345847003065	0.0022546785632261935	0.0018931086041086846	0.0018645700481675004	0.0010354246537083766
324	health	0.0010179890946388384	0.0020993126589889	0.9858426414553875	0.0018541029614661132	1.4973745395916054E-4	0.0019884345063486864	0.0022546785632261935	0.0018931086041086846	0.0018645700481675004	0.0010354246537083766
325	health	0.001515500806159519	0.0031252889091187125	0.9789236560583573	0.002760240308666115	2.2291715440025492E-4	0.002960222376877188	0.0033565852504659215	0.0028183087920918234	0.002775822870814997	0.0015414574730480788
326	health	8.744551327967937E-4	0.0018033147306449452	0.1418535321261188	0.0015926789981605773	1.2862484075329498E-4	0.8476933322343001	0.001936774424012404	0.0016261849410006972	0.0016016702513475328	8.894323208647547E-4
327	health	0.0010179890946388384	0.0020993126589889	0.3292785413260822	0.0018541029614661132	1.4973745395916054E-4	0.0019884345063486864	0.6588187786925315	0.0018931086041086846	0.0018645700481675004	0.0010354246537083766
328	health	2.060963413294325E-4	4.2501502285510626E-4	0.997133780887929	3.753712479030056E-4	3.0315001981348286E-5	4.0256725626029645E-4	4.56469529194396E-4	3.8326811073009646E-4	3.774903553520881E-4	2.0962624646514506E-4
329	http	0.0012178957517064509	0.0025115632204225475	0.9830625034023711	0.002218200697716764	1.791420065387843E-4	0.002378911474182098	0.0026974389589025966	0.0022648660369793835	0.002230723248786808	0.0012387552023933473
330	http	6.821049015023362E-4	0.0014066471458520466	0.9905138437076951	0.00124234407280632	1.0033177351498032E-4	0.001332353097140016	0.0015107502697113435	0.0012684798538012882	0.0012493575577061746	6.937876202705415E-4
331	mysql	6.821049015023362E-4	0.0014066471458520466	0.9905138437076951	0.00124234407280632	1.0033177351498032E-4	0.001332353097140016	0.0015107502697113435	0.0012684798538012882	0.0012493575577061746	6.937876202705415E-4
332	mysql	0.0012178957517064509	0.0025115632204225475	0.9830625034023711	0.002218200697716764	1.791420065387843E-4	0.002378911474182098	0.0026974389589025966	0.0022648660369793835	0.002230723248786808	0.0012387552023933473
333	tcp	6.821049015023362E-4	0.0014066471458520466	0.9905138437076951	0.00124234407280632	1.0033177351498032E-4	0.001332353097140016	0.0015107502697113435	0.0012684798538012882	0.0012493575577061746	6.937876202705415E-4
334	tcp	0.0012178957517064509	0.0025115632204225475	0.9830625034023711	0.002218200697716764	1.791420065387843E-4	0.002378911474182098	0.0026974389589025966	0.0022648660369793835	0.002230723248786808	0.0012387552023933473
335	switch	0.002005585842645109	0.00413594975656153	0.9721079547748995	0.003652851165013782	2.9500445471939015E-4	0.0039175037492663834	0.004442043072893785	0.0037296979260244877	0.0036734728406413474	0.002039936417334589
336	performance	0.0010179890946388384	0.0020993126589889	9.964912614296177E-4	0.0018541029614661132	1.4973745395916054E-4	0.9868345847003065	0.0022546785632261935	0.0018931086041086846	0.0018645700481675004	0.0010354246537083766
337	performance	0.0010179890946388384	0.0020993126589889	9.964912614296177E-4	0.0018541029614661132	1.4973745395916054E-4	0.0019884345063486864	0.9871008287571841	0.0018931086041086846	0.0018645700481675004	0.0010354246537083766
338	performance	0.0010179890946388384	0.0020993126589889	9.964912614296177E-4	0.0018541029614661132	1.4973745395916054E-4	0.0019884345063486864	0.9871008287571841	0.0018931086041086846	0.0018645700481675004	0.0010354246537083766
339	push	0.002005585842645109	0.00413594975656153	0.9721079547748995	0.003652851165013782	2.9500445471939015E-4	0.0039175037492663834	0.004442043072893785	0.0037296979260244877	0.0036734728406413474	0.002039936417334589
340	distro	0.0012178957517064509	0.0025115632204225475	0.9830625034023711	0.002218200697716764	1.791420065387843E-4	0.002378911474182098	0.0026974389589025966	0.0022648660369793835	0.002230723248786808	0.0012387552023933473
341	distro	8.744551327967937E-4	0.0018033147306449452	8.559884412646198E-4	0.9885754847921396	1.2862484075329498E-4	0.001708070125175316	0.001936774424012404	0.0016261849410006972	0.0016016702513475328	8.894323208647547E-4
342	traffic	7.663952807231635E-4	0.0015804720532711547	7.50210590725904E-4	0.0013958654047729298	1.1273016446459715E-4	0.9900883887582066	0.0016974396086406871	0.0014252308867808159	0.0014037455735223892	7.795216788919029E-4
343	traffic	0.001515500806159519	0.0031252889091187125	0.9789236560583573	0.002760240308666115	2.2291715440025492E-4	0.002960222376877188	0.0033565852504659215	0.0028183087920918234	0.002775822870814997	0.0015414574730480788
344	http	8.744551327967937E-4	0.0018033147306449452	8.559884412646198E-4	0.0015926789981605773	1.2862484075329498E-4	0.001708070125175316	0.001936774424012404	0.0016261849410006972	0.0016016702513475328	0.9878722381148438
345	config	0.0010179890946388384	0.0020993126589889	9.964912614296177E-4	0.0018541029614661132	1.4973745395916054E-4	0.0019884345063486864	0.0022546785632261935	0.0018931086041086846	0.0018645700481675004	0.9858815748476663
346	config	0.001515500806159519	0.0031252889091187125	0.001483496550189748	0.9802003998168337	2.2291715440025492E-4	0.002960222376877188	0.0033565852504659215	0.0028183087920918234	0.002775822870814997	0.0015414574730480788
347	cmdb	0.0010179890946388384	0.0020993126589889	9.964912614296177E-4	0.0018541029614661132	1.4973745395916054E-4	0.0019884345063486864	0.0022546785632261935	0.0018931086041086846	0.0018645700481675004	0.9858815748476663
348	c	8.744551327967937E-4	0.0018033147306449452	8.559884412646198E-4	0.0015926789981605773	1.2862484075329498E-4	0.001708070125175316	0.001936774424012404	0.0016261849410006972	0.0016016702513475328	0.9878722381148438
349	multi	8.744551327967937E-4	0.0018033147306449452	8.559884412646198E-4	0.0015926789981605773	1.2862484075329498E-4	0.001708070125175316	0.001936774424012404	0.0016261849410006972	0.0016016702513475328	0.9878722381148438
350	name	0.002005585842645109	0.00413594975656153	0.0019632319999968676	0.9737975739399165	2.9500445471939015E-4	0.0039175037492663834	0.004442043072893785	0.0037296979260244877	0.0036734728406413474	0.002039936417334589
351	sentinel	6.821049015023362E-4	0.0014066471458520466	6.67700250724725E-4	0.8811055827012243	1.0033177351498032E-4	0.001332353097140016	0.1114936550982636	0.0012684798538012882	0.0012493575577061746	6.937876202705415E-4
352	sentinel	8.744551327967937E-4	0.0018033147306449452	8.559884412646198E-4	0.9885754847921396	1.2862484075329498E-4	0.001708070125175316	0.001936774424012404	0.0016261849410006972	0.0016016702513475328	8.894323208647547E-4
353	common	0.0012178957517064509	0.0025115632204225475	0.0011921763015922111	0.9840885277984956	1.791420065387843E-4	0.002378911474182098	0.0026974389589025966	0.0022648660369793835	0.002230723248786808	0.0012387552023933473
354	common	0.0010179890946388384	0.0020993126589889	9.964912614296177E-4	0.986700253155424	1.4973745395916054E-4	0.0019884345063486864	0.0022546785632261935	0.0018931086041086846	0.0018645700481675004	0.0010354246537083766
355	common	0.0010179890946388384	0.0020993126589889	9.964912614296177E-4	0.986700253155424	1.4973745395916054E-4	0.0019884345063486864	0.0022546785632261935	0.0018931086041086846	0.0018645700481675004	0.0010354246537083766
356	authorization	7.663952807231635E-4	0.0015804720532711547	7.50210590725904E-4	0.0013958654047729298	1.1273016446459715E-4	0.00149699719743401	0.37241921144393036	0.6192948506122636	0.0014037455735223892	7.795216788919029E-4
357	login	6.821049015023362E-4	0.0014066471458520466	6.67700250724725E-4	0.00124234407280632	1.0033177351498032E-4	0.001332353097140016	0.0015107502697113435	0.9911146233107715	0.0012493575577061746	6.937876202705415E-4
358	sentinel	0.0010179890946388384	0.8228044378206204	9.964912614296177E-4	0.16599512799379243	1.4973745395916054E-4	0.0019884345063486864	0.0022546785632261935	0.0018931086041086846	0.0018645700481675004	0.0010354246537083766
359	web	8.744551327967937E-4	0.0018033147306449452	8.559884412646198E-4	0.0015926789981605773	1.2862484075329498E-4	0.8476933322343001	0.001936774424012404	0.14262372862585485	0.0016016702513475328	8.894323208647547E-4
360	web	0.0012178957517064509	0.0025115632204225475	0.0011921763015922111	0.002218200697716764	1.791420065387843E-4	0.002378911474182098	0.9845677660596815	0.0022648660369793835	0.002230723248786808	0.0012387552023933473
361	app	0.0012178957517064509	0.9843818903212015	0.0011921763015922111	0.002218200697716764	1.791420065387843E-4	0.002378911474182098	0.0026974389589025966	0.0022648660369793835	0.002230723248786808	0.0012387552023933473
362	auth	7.663952807231635E-4	0.12515439599836772	7.50210590725904E-4	0.0013958654047729298	1.1273016446459715E-4	0.00149699719743401	0.0016974396086406871	0.8664426985024568	0.0014037455735223892	7.795216788919029E-4
363	authority	7.663952807231635E-4	0.0015804720532711547	7.50210590725904E-4	0.9899872569655453	1.1273016446459715E-4	0.00149699719743401	0.0016974396086406871	0.0014252308867808159	0.0014037455735223892	7.795216788919029E-4
364	authority	7.663952807231635E-4	0.0015804720532711547	7.50210590725904E-4	0.0013958654047729298	1.1273016446459715E-4	0.00149699719743401	0.0016974396086406871	0.0014252308867808159	0.0014037455735223892	0.9893709132396643
365	cluster	7.663952807231635E-4	0.0015804720532711547	7.50210590725904E-4	0.0013958654047729298	1.1273016446459715E-4	0.00149699719743401	0.9902888311694132	0.0014252308867808159	0.0014037455735223892	7.795216788919029E-4
366	cluster	0.0010179890946388384	0.9869454628529467	9.964912614296177E-4	0.0018541029614661132	1.4973745395916054E-4	0.0019884345063486864	0.0022546785632261935	0.0018931086041086846	0.0018645700481675004	0.0010354246537083766
367	cluster	7.663952807231635E-4	0.619450091778754	7.50210590725904E-4	0.0013958654047729298	1.1273016446459715E-4	0.00149699719743401	0.0016974396086406871	0.3721470027220705	0.0014037455735223892	7.795216788919029E-4
368	degrade	0.0010179890946388384	0.0020993126589889	9.964912614296177E-4	0.0018541029614661132	1.4973745395916054E-4	0.0019884345063486864	0.0022546785632261935	0.0018931086041086846	0.1660055950804938	0.82174054981534
369	degrade	8.744551327967937E-4	0.0018033147306449452	8.559884412646198E-4	0.8475779411072855	1.2862484075329498E-4	0.001708070125175316	0.001936774424012404	0.0016261849410006972	0.14259921393620167	8.894323208647547E-4
370	flow	6.821049015023362E-4	0.0014066471458520466	6.67700250724725E-4	0.00124234407280632	1.0033177351498032E-4	0.001332353097140016	0.0015107502697113435	0.0012684798538012882	0.0012493575577061746	0.9905399310772407
371	flow	8.744551327967937E-4	0.0018033147306449452	8.559884412646198E-4	0.9885754847921396	1.2862484075329498E-4	0.001708070125175316	0.001936774424012404	0.0016261849410006972	0.0016016702513475328	8.894323208647547E-4
372	gateway	8.744551327967937E-4	0.0018033147306449452	8.559884412646198E-4	0.0015926789981605773	1.2862484075329498E-4	0.001708070125175316	0.001936774424012404	0.0016261849410006972	0.0016016702513475328	0.9878722381148438
373	gateway	7.663952807231635E-4	0.0015804720532711547	7.50210590725904E-4	0.9899872569655453	1.1273016446459715E-4	0.00149699719743401	0.0016974396086406871	0.0014252308867808159	0.0014037455735223892	7.795216788919029E-4
374	gateway	6.821049015023362E-4	0.0014066471458520466	6.67700250724725E-4	0.00124234407280632	1.0033177351498032E-4	0.001332353097140016	0.0015107502697113435	0.0012684798538012882	0.0012493575577061746	0.9905399310772407
375	gateway	6.821049015023362E-4	0.0014066471458520466	6.67700250724725E-4	0.9910884875297765	1.0033177351498032E-4	0.001332353097140016	0.0015107502697113435	0.0012684798538012882	0.0012493575577061746	6.937876202705415E-4
376	machine	0.0010179890946388384	0.9869454628529467	9.964912614296177E-4	0.0018541029614661132	1.4973745395916054E-4	0.0019884345063486864	0.0022546785632261935	0.0018931086041086846	0.0018645700481675004	0.0010354246537083766
377	metric	8.744551327967937E-4	0.0018033147306449452	8.559884412646198E-4	0.0015926789981605773	1.2862484075329498E-4	0.001708070125175316	0.001936774424012404	0.0016261849410006972	0.0016016702513475328	0.9878722381148438
378	param	6.821049015023362E-4	0.0014066471458520466	6.67700250724725E-4	0.9910884875297765	1.0033177351498032E-4	0.001332353097140016	0.0015107502697113435	0.0012684798538012882	0.0012493575577061746	6.937876202705415E-4
379	param	8.744551327967937E-4	0.8477885768397698	8.559884412646198E-4	0.0015926789981605773	1.2862484075329498E-4	0.001708070125175316	0.001936774424012404	0.0016261849410006972	0.0016016702513475328	0.1418869760057189
380	param	6.145183845040334E-4	0.0012672691982308657	6.015410217762388E-4	0.0011192461319917467	9.03903772558349E-5	0.0012003365919818476	0.001361057240737139	0.0011427922432708253	0.0011255646841688523	0.9914772841260826
381	resource	0.0010179890946388384	0.0020993126589889	9.964912614296177E-4	0.986700253155424	1.4973745395916054E-4	0.0019884345063486864	0.0022546785632261935	0.0018931086041086846	0.0018645700481675004	0.0010354246537083766
382	system	8.744551327967937E-4	0.0018033147306449452	8.559884412646198E-4	0.0015926789981605773	1.2862484075329498E-4	0.001708070125175316	0.001936774424012404	0.0016261849410006972	0.0016016702513475328	0.9878722381148438
383	system	8.744551327967937E-4	0.0018033147306449452	8.559884412646198E-4	0.9885754847921396	1.2862484075329498E-4	0.001708070125175316	0.001936774424012404	0.0016261849410006972	0.0016016702513475328	8.894323208647547E-4
384	flow	6.821049015023362E-4	0.0014066471458520466	6.67700250724725E-4	0.00124234407280632	1.0033177351498032E-4	0.001332353097140016	0.0015107502697113435	0.0012684798538012882	0.0012493575577061746	0.9905399310772407
385	flow	4.400919475734316E-4	9.07564335930103E-4	4.307981119758987E-4	8.015565074425284E-4	6.473374624995698E-5	8.596300482292235E-4	9.747313456185083E-4	8.184192315397966E-4	8.060815859488633E-4	0.9938963931394916
386	flow	4.400919475734316E-4	9.07564335930103E-4	4.307981119758987E-4	8.015565074425284E-4	6.473374624995698E-5	8.596300482292235E-4	9.747313456185083E-4	8.184192315397966E-4	8.060815859488633E-4	0.9938963931394916
387	app	0.001515500806159519	0.0031252889091187125	0.001483496550189748	0.9802003998168337	2.2291715440025492E-4	0.002960222376877188	0.0033565852504659215	0.0028183087920918234	0.002775822870814997	0.0015414574730480788
388	metric	8.744551327967937E-4	0.0018033147306449452	8.559884412646198E-4	0.0015926789981605773	1.2862484075329498E-4	0.001708070125175316	0.001936774424012404	0.0016261849410006972	0.0016016702513475328	0.9878722381148438
389	metric	0.0012178957517064509	0.9843818903212015	0.0011921763015922111	0.002218200697716764	1.791420065387843E-4	0.002378911474182098	0.0026974389589025966	0.0022648660369793835	0.002230723248786808	0.0012387552023933473
390	flow	6.821049015023362E-4	0.0014066471458520466	6.67700250724725E-4	0.9910884875297765	1.0033177351498032E-4	0.001332353097140016	0.0015107502697113435	0.0012684798538012882	0.0012493575577061746	6.937876202705415E-4
391	flow	8.744551327967937E-4	0.7067910331549156	8.559884412646198E-4	0.28358776636786887	1.2862484075329498E-4	0.001708070125175316	0.001936774424012404	0.0016261849410006972	0.0016016702513475328	8.894323208647547E-4
392	flow	6.821049015023362E-4	0.0014066471458520466	6.67700250724725E-4	0.9910884875297765	1.0033177351498032E-4	0.001332353097140016	0.0015107502697113435	0.0012684798538012882	0.0012493575577061746	6.937876202705415E-4
393	flow	8.744551327967937E-4	0.9887861205246239	8.559884412646198E-4	0.0015926789981605773	1.2862484075329498E-4	0.001708070125175316	0.001936774424012404	0.0016261849410006972	0.0016016702513475328	8.894323208647547E-4
394	cluster	6.821049015023362E-4	0.0014066471458520466	6.67700250724725E-4	0.7711226778726721	1.0033177351498032E-4	0.001332353097140016	0.22147655992681584	0.0012684798538012882	0.0012493575577061746	6.937876202705415E-4
395	cluster	6.821049015023362E-4	0.0014066471458520466	6.67700250724725E-4	0.00124234407280632	1.0033177351498032E-4	0.001332353097140016	0.9913568937266817	0.0012684798538012882	0.0012493575577061746	6.937876202705415E-4
396	cluster	7.663952807231635E-4	0.0015804720532711547	7.50210590725904E-4	0.8664133330204489	1.1273016446459715E-4	0.00149699719743401	0.12527136355373727	0.0014252308867808159	0.0014037455735223892	7.795216788919029E-4
397	cluster	0.0010179890946388384	0.9869454628529467	9.964912614296177E-4	0.0018541029614661132	1.4973745395916054E-4	0.0019884345063486864	0.0022546785632261935	0.0018931086041086846	0.0018645700481675004	0.0010354246537083766
398	gateway	8.744551327967937E-4	0.0018033147306449452	0.1418535321261188	0.8475779411072855	1.2862484075329498E-4	0.001708070125175316	0.001936774424012404	0.0016261849410006972	0.0016016702513475328	8.894323208647547E-4
399	gateway	7.663952807231635E-4	0.0015804720532711547	7.50210590725904E-4	0.0013958654047729298	1.1273016446459715E-4	0.00149699719743401	0.0016974396086406871	0.0014252308867808159	0.0014037455735223892	0.9893709132396643
400	gateway	7.663952807231635E-4	0.0015804720532711547	7.50210590725904E-4	0.9899872569655453	1.1273016446459715E-4	0.00149699719743401	0.0016974396086406871	0.0014252308867808159	0.0014037455735223892	7.795216788919029E-4
401	gateway	6.145183845040334E-4	0.0012672691982308657	6.015410217762388E-4	0.0011192461319917467	9.03903772558349E-5	0.0012003365919818476	0.001361057240737139	0.0011427922432708253	0.0011255646841688523	0.9914772841260826
402	flow	0.09071156654886843	0.0011530217770999768	5.473106257890911E-4	0.9025428283664824	8.224146342525824E-5	0.0010921233091888863	0.0012383545979341582	0.0010397667244115797	0.0010240922719443517	5.686943148558763E-4
403	flow	6.145183845040334E-4	0.0012672691982308657	6.015410217762388E-4	0.0011192461319917467	9.03903772558349E-5	0.0012003365919818476	0.001361057240737139	0.0011427922432708253	0.0011255646841688523	0.9914772841260826
404	flow	5.591180474918845E-4	0.0011530217770999768	5.473106257890911E-4	0.9926952768678589	8.224146342525824E-5	0.0010921233091888863	0.0012383545979341582	0.0010397667244115797	0.0010240922719443517	5.686943148558763E-4
405	flow	6.145183845040334E-4	0.0012672691982308657	6.015410217762388E-4	0.0011192461319917467	9.03903772558349E-5	0.0012003365919818476	0.001361057240737139	0.0011427922432708253	0.0011255646841688523	0.9914772841260826
406	flow	8.744551327967937E-4	0.0018033147306449452	8.559884412646198E-4	0.0015926789981605773	1.2862484075329498E-4	0.001708070125175316	0.001936774424012404	0.9886089907349798	0.0016016702513475328	8.894323208647547E-4
407	flow	6.145183845040334E-4	0.0012672691982308657	6.015410217762388E-4	0.0011192461319917467	9.03903772558349E-5	0.0012003365919818476	0.001361057240737139	0.0011427922432708253	0.0011255646841688523	0.9914772841260826
408	flow	8.744551327967937E-4	0.0018033147306449452	8.559884412646198E-4	0.0015926789981605773	1.2862484075329498E-4	0.001708070125175316	0.001936774424012404	0.9886089907349798	0.0016016702513475328	8.894323208647547E-4
409	flow	6.145183845040334E-4	0.0012672691982308657	6.015410217762388E-4	0.0011192461319917467	9.03903772558349E-5	0.0012003365919818476	0.001361057240737139	0.0011427922432708253	0.0011255646841688523	0.9914772841260826
410	flow	0.0010179890946388384	0.0020993126589889	9.964912614296177E-4	0.986700253155424	1.4973745395916054E-4	0.0019884345063486864	0.0022546785632261935	0.0018931086041086846	0.0018645700481675004	0.0010354246537083766
411	flow	6.145183845040334E-4	0.0012672691982308657	6.015410217762388E-4	0.0011192461319917467	9.03903772558349E-5	0.0012003365919818476	0.001361057240737139	0.0011427922432708253	0.0011255646841688523	0.9914772841260826
412	flow	0.0010179890946388384	0.0020993126589889	9.964912614296177E-4	0.986700253155424	1.4973745395916054E-4	0.0019884345063486864	0.0022546785632261935	0.0018931086041086846	0.0018645700481675004	0.0010354246537083766
413	flow	6.145183845040334E-4	0.0012672691982308657	6.015410217762388E-4	0.0011192461319917467	9.03903772558349E-5	0.0012003365919818476	0.001361057240737139	0.0011427922432708253	0.0011255646841688523	0.9914772841260826
414	demo	0.001515500806159519	0.9805654484172862	0.001483496550189748	0.002760240308666115	2.2291715440025492E-4	0.002960222376877188	0.0033565852504659215	0.0028183087920918234	0.002775822870814997	0.0015414574730480788
415	cluster	0.0012178957517064509	0.0025115632204225475	0.0011921763015922111	0.002218200697716764	1.791420065387843E-4	0.002378911474182098	0.9845677660596815	0.0022648660369793835	0.002230723248786808	0.0012387552023933473
416	baz	0.0012178957517064509	0.0025115632204225475	0.0011921763015922111	0.002218200697716764	1.791420065387843E-4	0.002378911474182098	0.9845677660596815	0.0022648660369793835	0.002230723248786808	0.0012387552023933473
417	foo	0.0012178957517064509	0.7880078249010457	0.0011921763015922111	0.002218200697716764	1.791420065387843E-4	0.002378911474182098	0.1990715043790584	0.0022648660369793835	0.002230723248786808	0.0012387552023933473
418	baz	8.744551327967937E-4	0.0018033147306449452	8.559884412646198E-4	0.0015926789981605773	1.2862484075329498E-4	0.001708070125175316	0.001936774424012404	0.0016261849410006972	0.0016016702513475328	0.9878722381148438
419	sentinel	8.744551327967937E-4	0.9887861205246239	8.559884412646198E-4	0.0015926789981605773	1.2862484075329498E-4	0.001708070125175316	0.001936774424012404	0.0016261849410006972	0.0016016702513475328	8.894323208647547E-4
420	sentinel	0.9878572609267757	0.0018033147306449452	8.559884412646198E-4	0.0015926789981605773	1.2862484075329498E-4	0.001708070125175316	0.001936774424012404	0.0016261849410006972	0.0016016702513475328	8.894323208647547E-4
421	datum	0.0010179890946388384	0.0020993126589889	9.964912614296177E-4	0.986700253155424	1.4973745395916054E-4	0.0019884345063486864	0.0022546785632261935	0.0018931086041086846	0.0018645700481675004	0.0010354246537083766
422	sentinel	6.145183845040334E-4	0.0012672691982308657	6.015410217762388E-4	0.9919714867396089	9.03903772558349E-5	0.0012003365919818476	0.001361057240737139	0.0011427922432708253	0.0011255646841688523	6.250435184654523E-4
423	sentinel	0.0012178957517064509	0.0025115632204225475	0.0011921763015922111	0.9840885277984956	1.791420065387843E-4	0.002378911474182098	0.0026974389589025966	0.0022648660369793835	0.002230723248786808	0.0012387552023933473
424	spring	7.663952807231635E-4	0.0015804720532711547	7.50210590725904E-4	0.9899872569655453	1.1273016446459715E-4	0.00149699719743401	0.0016974396086406871	0.0014252308867808159	0.0014037455735223892	7.795216788919029E-4
