0	aliyun	3.9062576474930096E-4	0.5504441375922469	1.7616147951496315E-4	0.4471844560213429	4.8059968280445914E-4	9.672821905243564E-5	1.326424288599095E-4	5.192671534042531E-4	3.7230591438705855E-4	2.030757436378413E-4
1	qiniu	8.683648744701716E-4	0.8414521322379043	3.9160868240134284E-4	3.999924835431763E-4	0.0010683777694406298	2.1502777178330462E-4	2.948654095058897E-4	0.1540305517486961	8.276396689263674E-4	4.514393533288471E-4
2	qiniu	0.0010250743641989043	0.9933048132374808	4.622803534887987E-4	4.721771375224442E-4	0.0012611825914789654	2.5383276422870734E-4	3.480783033260313E-4	0.0013626531968951292	9.76999683374031E-4	5.329083680063436E-4
3	qiniu	6.282526537615784E-4	0.9958966207741724	2.8332467282814986E-4	2.8939026284775993E-4	7.729598335958575E-4	1.5557028183311279E-4	2.1333195465512018E-4	8.351496408507867E-4	5.987884052525727E-4	3.266115202026189E-4
4	qiniu	9.402346306247069E-4	0.9938589368025603	4.240199663438858E-4	4.3309764832017767E-4	0.0011568014862767973	2.328244307441457E-4	3.1926978801385925E-4	0.001249873931101122	8.961388251432184E-4	4.888024908718085E-4
5	default	4.921640142065756E-4	3.5873500194692423E-4	2.2195243819182525E-4	2.2670413341302132E-4	6.055255194629934E-4	1.2187150175937001E-4	1.671211582361965E-4	6.542441122107684E-4	4.690821493947867E-4	0.9966825999711776
6	default	2.983095105448601E-4	2.1743577294779516E-4	1.3452938713526345E-4	1.3740947555046073E-4	3.6701996919589976E-4	7.386852144770035E-5	1.0129515664711883E-4	3.965491894101251E-4	2.843191748118268E-4	0.9979892638423089
7	default	2.6368876538692727E-4	1.922009473141963E-4	1.1891638297808475E-4	1.2146221853331541E-4	3.244249315848116E-4	6.52956024966314E-5	8.953919956211863E-5	3.505270950958098E-4	2.51322098464193E-4	0.9982226227585839
8	auth	9.402346306247069E-4	0.7455655352584695	0.24871742151043477	4.3309764832017767E-4	0.0011568014862767973	2.328244307441457E-4	3.1926978801385925E-4	0.001249873931101122	8.961388251432184E-4	4.888024908718085E-4
9	auth	0.0010250743641989043	0.9933048132374808	4.622803534887987E-4	4.721771375224442E-4	0.0012611825914789654	2.5383276422870734E-4	3.480783033260313E-4	0.0013626531968951292	9.76999683374031E-4	5.329083680063436E-4
10	auth	5.144515480088802E-4	0.9966399030992464	2.320035031334159E-4	2.369703777761131E-4	6.329466028693983E-4	1.273904245911793E-4	1.7468920131889564E-4	6.838714058465358E-4	4.903244262758954E-4	2.674494109332273E-4
11	auth	1.513051504775045E-4	0.9990117631696217	6.823446267927984E-5	6.969526830446426E-5	1.8615568630717092E-4	3.7466749661386696E-5	5.1377775020115867E-5	2.0113316087657404E-4	1.442091318173851E-4	7.86594452344293E-5
12	auth	0.18595402143871448	0.8125874063931222	1.1891638297808475E-4	1.2146221853331541E-4	3.244249315848116E-4	6.52956024966314E-5	8.953919956211863E-5	3.505270950958098E-4	2.51322098464193E-4	1.3708463944835155E-4
13	auth	4.7172741386457604E-4	0.9969189521783701	2.1273609334879329E-4	2.1729047935318462E-4	5.80381700165078E-4	1.168109140230831E-4	1.601816254361985E-4	6.270773038675932E-4	4.496039995544295E-4	2.4523829201687585E-4
14	re	5.144515480088802E-4	0.9966399030992464	2.320035031334159E-4	2.369703777761131E-4	6.329466028693983E-4	1.273904245911793E-4	1.7468920131889564E-4	6.838714058465358E-4	4.903244262758954E-4	2.674494109332273E-4
15	re	2.3145460362719675E-4	0.9984882737755909	1.0437966231358092E-4	1.0661428675224937E-4	2.8476618575902995E-4	5.7313658290601065E-5	7.85936401702083E-5	3.076775369513545E-4	2.2059967779601485E-4	1.203269727488678E-4
16	default	1.7191191885446475E-4	1.2530542820034552E-4	7.752754862725167E-5	0.998831053677981	2.1150886891648519E-4	4.256947504563949E-5	5.837509075075592E-5	2.2852617721494164E-4	1.6384946902880875E-4	8.937234538019841E-5
17	default	0.0012508000229824454	9.116996280258018E-4	0.8813807924237794	5.76152516433685E-4	0.001538900268606128	3.097277996792812E-4	4.247266003380518E-4	0.0016627151253807075	0.11129422859710855	6.502570176660208E-4
18	mybatis	1.990166850813911E-4	1.4506190791953552E-4	8.975105294091866E-5	9.167249905266669E-5	2.4485675128033823E-4	4.928125906389499E-5	0.998622656289396	2.645571205690665E-4	1.8968305627526118E-4	1.0346337842097984E-4
19	mybatis	0.35426260868066173	2.664038868862628E-4	1.6482638136028205E-4	1.6835508658657832E-4	4.4967552962013927E-4	9.050424852093404E-5	0.6435734124766191	4.858549445119049E-4	3.483499162042257E-4	1.9000884902894204E-4
20	tenant	2.5770705186284304E-4	1.878409170178577E-4	1.1621879464795085E-4	1.1870687856196741E-4	3.170654333598365E-4	6.381438812656067E-5	0.9982164752321322	3.425754758365825E-4	2.456209196783674E-4	1.3397490877579455E-4
21	tenant	4.194728842254585E-4	3.057509317943369E-4	1.8917073723744395E-4	1.932206215074443E-4	5.160912394839355E-4	1.0387145112652155E-4	0.9970969351709351	5.57614244062521E-4	3.9980014073666024E-4	2.1807257889060563E-4
22	rest	3.0635399711731573E-4	2.232993444868159E-4	1.381572293935731E-4	0.9979168903438903	3.769173647185125E-4	7.586052742775714E-5	1.0402677430829962E-4	4.072428968407107E-4	2.919863852198619E-4	1.592651365967926E-4
23	rest	0.07711538105281507	3.1747339586011056E-4	1.9642352680883756E-4	0.9203585360606887	5.358781326064083E-4	1.0785387350588964E-4	1.4789892633105826E-4	5.789931255600377E-4	4.151284432728867E-4	2.2643346255095447E-4
24	redi	0.0010250743641989043	0.9933048132374808	4.622803534887987E-4	4.721771375224442E-4	0.0012611825914789654	2.5383276422870734E-4	3.480783033260313E-4	0.0013626531968951292	9.76999683374031E-4	5.329083680063436E-4
25	redi	0.0011267432381333248	0.8934588219533921	5.081302202132896E-4	5.190085865822413E-4	0.0013862691397135093	2.790083926592964E-4	3.8260138806614925E-4	0.10067975340559507	0.0010739004167374586	5.857632589076261E-4
26	redi	1.7191191885446475E-4	0.9988771717997911	7.752754862725167E-5	7.91873063903305E-5	2.1150886891648519E-4	4.256947504563949E-5	5.837509075075592E-5	2.2852617721494164E-4	1.6384946902880875E-4	8.937234538019841E-5
27	redi	1.0135719626206186E-4	0.9993379940203361	4.5709308663939743E-5	4.6687881845257545E-5	1.247030809776697E-4	2.509844963470238E-5	3.441725023759966E-5	1.3473628093583462E-4	9.660367297654814E-5	5.2692858130274355E-5
28	redi	4.7172741386457604E-4	0.08339176500926271	2.1273609334879329E-4	2.1729047935318462E-4	5.80381700165078E-4	1.168109140230831E-4	0.9136873687945437	6.270773038675932E-4	4.496039995544295E-4	2.4523829201687585E-4
29	feign	1.2897418339472146E-4	0.1590359459765236	5.816381052240611E-5	5.940901739085694E-5	1.586811655120816E-4	3.193707171753051E-5	0.8401654650049304	1.714481304554936E-4	1.2292545862127975E-4	6.705018093155171E-5
30	feign	2.5199070588531933E-4	1.836743113210106E-4	0.06665833885606728	1.1607377410142963E-4	3.1003242552595336E-4	6.239888506508626E-5	0.9317113386281869	3.3497661531204026E-4	2.4017266303948286E-4	1.3100313549549948E-4
31	rule	0.9949497957369628	5.879996677830304E-4	3.638004633284595E-4	3.715889288986044E-4	9.925120279483223E-4	1.9975860219330067E-4	2.739269516191166E-4	0.0010723662830254075	7.688687931485781E-4	4.1938254509234435E-4
32	feign	0.0011267432381333248	8.212754814613214E-4	5.081302202132896E-4	0.9923385046665052	0.0013862691397135093	2.790083926592964E-4	3.8260138806614925E-4	0.0014978037976027514	0.0010739004167374586	5.857632589076261E-4
33	rest	4.5292036534785645E-4	3.301305732537121E-4	2.0425463157388627E-4	0.9969202856976482	5.572427718933485E-4	1.1215384203034712E-4	1.537954296957694E-4	6.020766934918789E-4	4.316789776362443E-4	2.35461017428711E-4
34	rest	6.282526537615784E-4	4.5792908555830164E-4	2.8332467282814986E-4	0.9957280819514619	7.729598335958575E-4	1.5557028183311279E-4	2.1333195465512018E-4	8.351496408507867E-4	5.987884052525727E-4	3.266115202026189E-4
35	rest	9.229880581519082E-5	6.72759716843371E-5	4.162422363589727E-5	0.8612536333014815	1.1355824628331934E-4	2.2855376969053284E-5	3.134134736876175E-5	1.2269476947846878E-4	0.13820673431073657	4.798364654680175E-5
36	ribbon	0.0014055545116186117	0.001024499122055629	6.338664385452808E-4	0.9904426767631827	0.0017292997887167403	3.480486874111843E-4	4.77275646258892E-4	0.0018684335649777634	0.0013396357969497176	7.307096802835333E-4
37	sentinel	4.3555543803172766E-4	3.1747339586011056E-4	1.9642352680883756E-4	2.0062868328862976E-4	5.358781326064083E-4	1.0785387350588964E-4	1.4789892633105826E-4	5.789931255600377E-4	4.151284432728867E-4	0.9970641664547345
38	sentinel	4.0453571031018976E-4	2.948633273395213E-4	1.824344825042857E-4	1.8634015286212957E-4	4.977135447860949E-4	1.0017265201779477E-4	1.3736574496193247E-4	5.377579404624147E-4	3.855635012347786E-4	0.9972732529435209
39	swagger	0.0010250743641989043	7.47169730865957E-4	4.622803534887987E-4	4.721771375224442E-4	0.0012611825914789654	0.9928114762708433	3.480783033260313E-4	0.0013626531968951292	9.76999683374031E-4	5.329083680063436E-4
40	swagger	3.330679988876404E-5	2.4277099865181383E-5	1.502045096815131E-5	0.023470079433813056	4.0978447676242884E-5	0.9763116924846703	1.1309788635247804E-5	4.427543886753964E-5	3.1744753436454596E-5	1.731530217918026E-5
41	rocket	0.0012508000229824454	0.9918305051331808	5.640764191971589E-4	5.76152516433685E-4	0.001538900268606128	3.097277996792812E-4	4.247266003380518E-4	0.0016627151253807075	0.0011921390965357887	6.502570176660208E-4
42	datum	6.650302564513139E-4	4.84736029974534E-4	0.8198530544235441	3.063310271176266E-4	8.182085237285709E-4	1.646772899473351E-4	2.2582030280988687E-4	0.17650256976251283	6.338411852635217E-4	3.457311986504253E-4
43	datum	5.144515480088802E-4	3.7498023372164313E-4	0.9964969263686583	2.369703777761131E-4	6.329466028693983E-4	1.273904245911793E-4	1.7468920131889564E-4	6.838714058465358E-4	4.903244262758954E-4	2.674494109332273E-4
44	cor	1.955902355584752E-4	1.4256439217114042E-4	8.820581841746731E-5	9.009418319178772E-5	0.17240959874689557	4.8432788763331396E-5	6.641539357345838E-5	2.6000226819984353E-4	0.8265974141130098	1.0168206021901678E-4
45	dynamic	6.282526537615784E-4	4.5792908555830164E-4	2.8332467282814986E-4	2.8939026284775993E-4	7.729598335958575E-4	1.5557028183311279E-4	2.1333195465512018E-4	8.351496408507867E-4	0.9960374800938668	3.266115202026189E-4
46	resource	5.9452681967814495E-5	0.1675102842120723	2.6811524895968895E-5	2.7385522621603464E-5	0.11520667440361795	1.4721896412358556E-5	2.018798771122475E-5	7.9031717089856E-5	5.666442697909566E-5	0.7169987856266318
47	custom	1.6444641156063326E-4	1.1986387071893379E-4	7.416081010437122E-5	7.574849064459764E-5	0.014677774075222019	4.072083808919412E-5	5.584007358218613E-5	2.186021192776099E-4	1.5673408450936463E-4	0.9844161092262911
48	cor	2.2683313510742467E-4	1.6533712911857528E-4	1.0229550707999725E-4	1.0448551263299664E-4	0.060180267524252824	5.616927289756037E-5	7.702435605051999E-5	3.0153412036348665E-4	0.9386681290459242	1.1792439657227096E-4
49	cor	3.2381878291166667E-4	2.3602930804589358E-4	1.460333675866575E-4	1.4915974033817903E-4	0.7985175853590566	8.018522328365912E-5	1.0995718601262614E-4	4.304592087756593E-4	0.19983842721879916	1.6834460518980676E-4
50	dynamic	4.5292036534785645E-4	3.301305732537121E-4	2.0425463157388627E-4	2.086274411932065E-4	0.16003110809292617	1.1215384203034712E-4	1.537954296957694E-4	6.020766934918789E-4	0.8376694719130585	2.35461017428711E-4
51	xxl	1.5981949330725402E-4	1.1649134147924505E-4	0.33770801598287653	0.6612773365365311	1.9663116138468465E-4	3.9575103212648504E-5	5.426893892941085E-5	2.12451458242723E-4	1.5232416282326156E-4	8.308582121310698E-5
52	xxl	2.2239260801966646E-4	1.6210045913155814E-4	1.0029295145720623E-4	0.9984878010616073	2.7361691551734587E-4	5.5069692901528584E-5	7.551651311876539E-5	2.9563123307709753E-4	2.11962678229439E-4	1.1561588694011903E-4
53	xxl	1.2074900584520064E-4	8.801312895011023E-5	5.4454481601599337E-5	0.9991789451993164	1.4856145995746447E-4	2.990032235905991E-5	4.100200975735942E-5	1.6051422665852984E-4	1.150860314126429E-4	6.277413414161655E-5
54	security	0.18149010045631064	7.47169730865957E-4	4.622803534887987E-4	4.721771375224442E-4	0.0012611825914789654	2.5383276422870734E-4	3.480783033260313E-4	0.0013626531968951292	9.76999683374031E-4	0.8126255257825092
55	security	1.745533658225975E-4	1.2723076092663885E-4	0.0922694284901903	8.040402871984166E-5	0.2614217696055952	4.322356006512845E-5	0.12298021832640235	2.320375089595102E-4	1.6636703550168783E-4	0.5225047673178167
56	security	0.45218763959447833	7.47169730865957E-4	4.622803534887987E-4	4.721771375224442E-4	0.0012611825914789654	2.5383276422870734E-4	3.480783033260313E-4	0.0013626531968951292	9.76999683374031E-4	0.5419279866443416
57	security	1.0135719626206186E-4	7.387857086020928E-5	4.5709308663939743E-5	4.6687881845257545E-5	1.247030809776697E-4	0.08032310772682472	3.441725023759966E-5	1.3473628093583462E-4	9.660367297654814E-5	0.9190187990304162
58	security	3.2381878291166667E-4	2.3602930804589358E-4	1.460333675866575E-4	1.4915974033817903E-4	3.9840486316449896E-4	8.018522328365912E-5	1.0995718601262614E-4	4.304592087756593E-4	3.086320948261215E-4	0.997817320225055
59	token	2.6368876538692727E-4	0.9982777390664498	1.1891638297808475E-4	1.2146221853331541E-4	3.244249315848116E-4	6.52956024966314E-5	8.953919956211863E-5	3.505270950958098E-4	2.51322098464193E-4	1.3708463944835155E-4
60	apollo	8.067020928474815E-4	5.879996677830304E-4	3.638004633284595E-4	3.715889288986044E-4	9.925120279483223E-4	1.9975860219330067E-4	2.739269516191166E-4	0.0010723662830254075	0.994911962437264	4.1938254509234435E-4
61	bootstrap	0.0014055545116186117	0.001024499122055629	6.338664385452808E-4	6.474366437272985E-4	0.0017292997887167403	3.480486874111843E-4	4.77275646258892E-4	0.9916636736844332	0.0013396357969497176	7.307096802835333E-4
62	bootstrap	0.0014055545116186117	0.001024499122055629	6.338664385452808E-4	6.474366437272985E-4	0.0017292997887167403	3.480486874111843E-4	4.77275646258892E-4	0.9916636736844332	0.0013396357969497176	7.307096802835333E-4
63	java	9.402346306247069E-4	6.853306261967931E-4	4.240199663438858E-4	4.3309764832017767E-4	0.0011568014862767973	2.328244307441457E-4	3.1926978801385925E-4	0.9944234801074647	8.961388251432184E-4	4.888024908718085E-4
64	java	9.402346306247069E-4	6.853306261967931E-4	4.240199663438858E-4	4.3309764832017767E-4	0.0011568014862767973	2.328244307441457E-4	3.1926978801385925E-4	0.9944234801074647	8.961388251432184E-4	4.888024908718085E-4
65	java	7.063814825158747E-4	5.148766573560223E-4	3.1855862641787567E-4	3.253785267314391E-4	8.690842926194373E-4	1.7491683586010062E-4	2.398616885977872E-4	0.9958104602184763	6.732530915438787E-4	3.672285798812474E-4
66	java	7.063814825158747E-4	5.148766573560223E-4	3.1855862641787567E-4	3.253785267314391E-4	8.690842926194373E-4	1.7491683586010062E-4	2.398616885977872E-4	0.9958104602184763	6.732530915438787E-4	3.672285798812474E-4
67	java	7.063814825158747E-4	5.148766573560223E-4	3.1855862641787567E-4	3.253785267314391E-4	8.690842926194373E-4	1.7491683586010062E-4	2.398616885977872E-4	0.9958104602184763	6.732530915438787E-4	3.672285798812474E-4
68	java	8.067020928474815E-4	5.879996677830304E-4	3.638004633284595E-4	3.715889288986044E-4	9.925120279483223E-4	1.9975860219330067E-4	2.739269516191166E-4	0.9952154599271408	7.688687931485781E-4	4.1938254509234435E-4
69	java	7.063814825158747E-4	5.148766573560223E-4	3.1855862641787567E-4	3.253785267314391E-4	8.690842926194373E-4	1.7491683586010062E-4	2.398616885977872E-4	0.9958104602184763	6.732530915438787E-4	3.672285798812474E-4
70	java	5.656854149439018E-4	4.1232425080569006E-4	2.551085684286828E-4	2.60570090614986E-4	6.959813087690976E-4	1.40077147155357E-4	1.9208637570781016E-4	0.9966449268442114	5.391554901691592E-4	2.940845091939606E-4
71	java	0.11123255173027426	4.5792908555830164E-4	2.8332467282814986E-4	2.8939026284775993E-4	7.729598335958575E-4	1.5557028183311279E-4	2.1333195465512018E-4	0.8856695422529522	5.987884052525727E-4	3.266115202026189E-4
72	java	6.650302564513139E-4	4.84736029974534E-4	2.999103604286473E-4	3.063310271176266E-4	8.182085237285709E-4	1.646772899473351E-4	2.2582030280988687E-4	0.9960557138256281	6.338411852635217E-4	3.457311986504253E-4
73	java	6.650302564513139E-4	4.84736029974534E-4	2.999103604286473E-4	3.063310271176266E-4	8.182085237285709E-4	1.646772899473351E-4	2.2582030280988687E-4	0.9960557138256281	6.338411852635217E-4	3.457311986504253E-4
74	java	3.2381878291166667E-4	2.3602930804589358E-4	1.460333675866575E-4	1.4915974033817903E-4	3.9840486316449896E-4	8.018522328365912E-5	1.0995718601262614E-4	0.9980794348286408	3.086320948261215E-4	1.6834460518980676E-4
75	java	6.650302564513139E-4	4.84736029974534E-4	2.999103604286473E-4	3.063310271176266E-4	8.182085237285709E-4	1.646772899473351E-4	2.2582030280988687E-4	0.9960557138256281	6.338411852635217E-4	3.457311986504253E-4
76	java	6.650302564513139E-4	4.84736029974534E-4	2.999103604286473E-4	3.063310271176266E-4	8.182085237285709E-4	1.646772899473351E-4	2.2582030280988687E-4	0.9960557138256281	6.338411852635217E-4	3.457311986504253E-4
77	java	3.433952345688287E-4	2.502984504874989E-4	1.5486180902290556E-4	1.5817718651492456E-4	4.224904133403997E-4	8.503281777189947E-5	1.166046433249493E-4	0.997963327137501	3.2729043585836594E-4	1.7852187160903504E-4
78	java	6.650302564513139E-4	4.84736029974534E-4	2.999103604286473E-4	3.063310271176266E-4	8.182085237285709E-4	1.646772899473351E-4	2.2582030280988687E-4	0.9960557138256281	6.338411852635217E-4	3.457311986504253E-4
79	java	5.656854149439018E-4	4.1232425080569006E-4	0.29902299331860155	2.60570090614986E-4	6.959813087690976E-4	1.40077147155357E-4	1.9208637570781016E-4	0.6978770420940386	5.391554901691592E-4	2.940845091939606E-4
80	java	6.650302564513139E-4	4.84736029974534E-4	2.999103604286473E-4	3.063310271176266E-4	8.182085237285709E-4	1.646772899473351E-4	2.2582030280988687E-4	0.9960557138256281	6.338411852635217E-4	3.457311986504253E-4
81	java	6.650302564513139E-4	4.84736029974534E-4	2.999103604286473E-4	3.063310271176266E-4	8.182085237285709E-4	1.646772899473351E-4	2.2582030280988687E-4	0.9960557138256281	6.338411852635217E-4	3.457311986504253E-4
82	java	8.067020928474815E-4	5.879996677830304E-4	3.638004633284595E-4	3.715889288986044E-4	9.925120279483223E-4	1.9975860219330067E-4	2.739269516191166E-4	0.9952154599271408	7.688687931485781E-4	4.1938254509234435E-4
83	java	8.067020928474815E-4	5.879996677830304E-4	3.638004633284595E-4	3.715889288986044E-4	9.925120279483223E-4	1.9975860219330067E-4	2.739269516191166E-4	0.9952154599271408	7.688687931485781E-4	4.1938254509234435E-4
84	java	6.650302564513139E-4	4.84736029974534E-4	2.999103604286473E-4	3.063310271176266E-4	8.182085237285709E-4	1.646772899473351E-4	2.2582030280988687E-4	0.9960557138256281	6.338411852635217E-4	3.457311986504253E-4
85	java	6.650302564513139E-4	4.84736029974534E-4	2.999103604286473E-4	3.063310271176266E-4	8.182085237285709E-4	1.646772899473351E-4	2.2582030280988687E-4	0.9960557138256281	6.338411852635217E-4	3.457311986504253E-4
86	java	6.650302564513139E-4	4.84736029974534E-4	2.999103604286473E-4	3.063310271176266E-4	8.182085237285709E-4	1.646772899473351E-4	2.2582030280988687E-4	0.9960557138256281	6.338411852635217E-4	3.457311986504253E-4
87	java	7.532160543840678E-4	5.490140581926216E-4	3.3967973059810254E-4	3.46951804587329E-4	9.267064015926692E-4	1.8651418845613607E-4	2.557650209629682E-4	0.9955326849556063	7.178911817003351E-4	3.915766039195422E-4
88	java	7.532160543840678E-4	5.490140581926216E-4	3.3967973059810254E-4	3.46951804587329E-4	9.267064015926692E-4	1.8651418845613607E-4	2.557650209629682E-4	0.9955326849556063	7.178911817003351E-4	3.915766039195422E-4
89	java	7.532160543840678E-4	5.490140581926216E-4	3.3967973059810254E-4	3.46951804587329E-4	9.267064015926692E-4	1.8651418845613607E-4	2.557650209629682E-4	0.9955326849556063	7.178911817003351E-4	3.915766039195422E-4
90	java	3.433952345688287E-4	2.502984504874989E-4	1.5486180902290556E-4	1.5817718651492456E-4	4.224904133403997E-4	8.503281777189947E-5	1.166046433249493E-4	0.997963327137501	3.2729043585836594E-4	1.7852187160903504E-4
91	java	7.532160543840678E-4	5.490140581926216E-4	3.3967973059810254E-4	3.46951804587329E-4	9.267064015926692E-4	1.8651418845613607E-4	2.557650209629682E-4	0.9955326849556063	7.178911817003351E-4	3.915766039195422E-4
92	java	7.532160543840678E-4	5.490140581926216E-4	3.3967973059810254E-4	3.46951804587329E-4	9.267064015926692E-4	1.8651418845613607E-4	2.557650209629682E-4	0.9955326849556063	7.178911817003351E-4	3.915766039195422E-4
93	java	7.532160543840678E-4	5.490140581926216E-4	3.3967973059810254E-4	3.46951804587329E-4	9.267064015926692E-4	1.8651418845613607E-4	2.557650209629682E-4	0.9955326849556063	7.178911817003351E-4	3.915766039195422E-4
94	java	7.532160543840678E-4	5.490140581926216E-4	3.3967973059810254E-4	3.46951804587329E-4	9.267064015926692E-4	1.8651418845613607E-4	2.557650209629682E-4	0.9955326849556063	7.178911817003351E-4	3.915766039195422E-4
95	java	7.532160543840678E-4	5.490140581926216E-4	3.3967973059810254E-4	3.46951804587329E-4	9.267064015926692E-4	1.8651418845613607E-4	2.557650209629682E-4	0.9955326849556063	7.178911817003351E-4	3.915766039195422E-4
96	java	7.532160543840678E-4	5.490140581926216E-4	3.3967973059810254E-4	3.46951804587329E-4	9.267064015926692E-4	1.8651418845613607E-4	2.557650209629682E-4	0.9955326849556063	7.178911817003351E-4	3.915766039195422E-4
97	character	1.922797747190584E-4	1.4015141978512006E-4	8.671289160112613E-5	8.856929487379962E-5	0.931138592170488	4.761304001622781E-5	6.529128040425237E-5	0.06795756698830352	1.8326209842010882E-4	9.996104138867931E-5
98	http	1.6444641156063326E-4	0.9989259321310947	7.416081010437122E-5	7.574849064459764E-5	2.0232381057889068E-4	4.072083808919412E-5	5.584007358218613E-5	2.186021192776099E-4	1.5673408450936463E-4	8.549123055844171E-5
99	titan	2.100563056356962E-4	1.531086122431468E-4	0.4808419163755821	9.67576485937338E-5	2.584391583191717E-4	5.2014931370221026E-5	0.5177990671343092	2.792323234287042E-4	2.0020493269986043E-4	1.0920257781809056E-4
100	config	0.9952846348576939	5.490140581926216E-4	3.3967973059810254E-4	3.46951804587329E-4	9.267064015926692E-4	1.8651418845613607E-4	2.557650209629682E-4	0.0010012661522964682	7.178911817003351E-4	3.915766039195422E-4
101	config	0.387743299421556	4.5792908555830164E-4	2.8332467282814986E-4	2.8939026284775993E-4	7.729598335958575E-4	1.5557028183311279E-4	2.1333195465512018E-4	0.11143944871736347	0.4983181342495597	3.266115202026189E-4
102	config	9.402346306247069E-4	6.853306261967931E-4	0.9935976261427074	4.3309764832017767E-4	0.0011568014862767973	2.328244307441457E-4	3.1926978801385925E-4	0.001249873931101122	8.961388251432184E-4	4.888024908718085E-4
103	config	1.922797747190584E-4	0.1693950648853956	8.671289160112613E-5	8.856929487379962E-5	0.8295856440911218	4.761304001622781E-5	6.529128040425237E-5	2.5560160205934085E-4	1.8326209842010882E-4	9.996104138867931E-5
104	config	0.9991833098972802	9.508793784750989E-5	5.883172685505079E-5	6.0091232889898905E-5	1.6050335943604716E-4	3.230381680567713E-5	4.42978973925674E-5	1.7341693211247075E-4	1.2433705667122807E-4	6.78201427093089E-5
105	apollo	9.402346306247069E-4	6.853306261967931E-4	4.240199663438858E-4	4.3309764832017767E-4	0.0011568014862767973	2.328244307441457E-4	0.9934928759643774	0.001249873931101122	8.961388251432184E-4	4.888024908718085E-4
106	abstract	5.953296447244688E-4	4.3393172823410516E-4	0.20988484001739832	2.742250292718361E-4	7.324535763847949E-4	1.4741776267695653E-4	2.0215248755862272E-4	0.7868527445699037	5.674094433661207E-4	3.0949574048108077E-4
107	apollo	0.0010250743641989043	7.47169730865957E-4	4.622803534887987E-4	4.721771375224442E-4	0.0012611825914789654	2.5383276422870734E-4	3.480783033260313E-4	0.9939202967035099	9.76999683374031E-4	5.329083680063436E-4
108	apollo	5.656854149439018E-4	4.1232425080569006E-4	2.551085684286828E-4	2.60570090614986E-4	6.959813087690976E-4	1.40077147155357E-4	1.9208637570781016E-4	0.9966449268442114	5.391554901691592E-4	2.940845091939606E-4
109	auth	2.765258076927333E-4	2.0155778012528677E-4	1.2470553609920132E-4	1.273753094288691E-4	0.9983325559926086	6.847435912815648E-5	9.38981963935548E-5	3.6759164899317995E-4	2.635570998516611E-4	1.4375826967864388E-4
110	auth	2.465224518510524E-4	1.7968853815392637E-4	1.1117484756697777E-4	1.1355494753886745E-4	0.9985134755108166	6.104481546243114E-5	8.371013827777012E-5	3.277075486945644E-4	2.3496086314800596E-4	1.2816033848972062E-4
111	auth	2.6995476413172343E-4	1.967681911740255E-4	1.2174217612624183E-4	1.2434850801081032E-4	0.9983721792281378	6.684721264082637E-5	9.166690686600403E-5	3.588566207571116E-4	2.5729422985631126E-4	1.403421622990266E-4
112	auth	0.010005298329125991	8.19181864429458E-5	5.06834881307579E-5	5.176855162592134E-5	0.9894293972884831	2.7829713713530954E-5	3.8162605055693175E-5	1.4939855568152984E-4	1.0711628015842506E-4	5.842700158202924E-5
113	auth	9.382336669293533E-5	6.838721373710597E-5	4.231175867344521E-5	4.3217595000934654E-5	0.999434247342587	2.3232894459830903E-5	3.185903328714609E-5	1.2472140074199016E-4	8.942317040941702E-5	4.8776224410086896E-5
114	auth	0.15939439932263502	1.1986387071893379E-4	7.416081010437122E-5	7.574849064459764E-5	0.8397784391598803	4.072083808919412E-5	5.584007358218613E-5	2.186021192776099E-4	1.5673408450936463E-4	8.549123055844171E-5
115	auth	0.9945637676785474	6.329452498389014E-4	3.9160868240134284E-4	3.999924835431763E-4	0.0010683777694406298	2.1502777178330462E-4	2.948654095058897E-4	0.001154335932684211	8.276396689263674E-4	4.514393533288471E-4
116	auth	0.9921696055281375	9.116996280258018E-4	5.640764191971589E-4	5.76152516433685E-4	0.001538900268606128	3.097277996792812E-4	4.247266003380518E-4	0.0016627151253807075	0.0011921390965357887	6.502570176660208E-4
117	auth	0.5311699727494826	5.490140581926216E-4	3.3967973059810254E-4	3.46951804587329E-4	0.26613508474914194	1.8651418845613607E-4	2.557650209629682E-4	0.0010012661522964682	0.1996241749423623	3.915766039195422E-4
118	auth	0.9941138408069883	6.853306261967931E-4	4.240199663438858E-4	4.3309764832017767E-4	0.0011568014862767973	2.328244307441457E-4	3.1926978801385925E-4	0.001249873931101122	8.961388251432184E-4	4.888024908718085E-4
119	auth	0.9955778337431355	5.148766573560223E-4	3.1855862641787567E-4	3.253785267314391E-4	8.690842926194373E-4	1.7491683586010062E-4	2.398616885977872E-4	9.390079578568064E-4	6.732530915438787E-4	3.672285798812474E-4
120	auth	0.9964586345821868	4.1232425080569006E-4	2.551085684286828E-4	2.60570090614986E-4	6.959813087690976E-4	1.40077147155357E-4	1.9208637570781016E-4	7.519776769685014E-4	5.391554901691592E-4	2.940845091939606E-4
121	auth	0.9941138408069883	6.853306261967931E-4	4.240199663438858E-4	4.3309764832017767E-4	0.0011568014862767973	2.328244307441457E-4	3.1926978801385925E-4	0.001249873931101122	8.961388251432184E-4	4.888024908718085E-4
122	auth	7.141179792940587E-5	5.205157372291382E-5	0.9995137330478227	3.289421676054643E-5	8.786027582024725E-5	1.768325762504943E-5	2.4248872402691153E-5	9.49292247890535E-5	6.806267564863407E-5	3.712505747882905E-5
123	auth	0.9955778337431355	5.148766573560223E-4	3.1855862641787567E-4	3.253785267314391E-4	8.690842926194373E-4	1.7491683586010062E-4	2.398616885977872E-4	9.390079578568064E-4	6.732530915438787E-4	3.672285798812474E-4
124	auth	0.9955778337431355	5.148766573560223E-4	3.1855862641787567E-4	3.253785267314391E-4	8.690842926194373E-4	1.7491683586010062E-4	2.398616885977872E-4	9.390079578568064E-4	6.732530915438787E-4	3.672285798812474E-4
125	auth	0.9964586345821868	4.1232425080569006E-4	2.551085684286828E-4	2.60570090614986E-4	6.959813087690976E-4	1.40077147155357E-4	1.9208637570781016E-4	7.519776769685014E-4	5.391554901691592E-4	2.940845091939606E-4
126	auth	0.9941138408069883	6.853306261967931E-4	4.240199663438858E-4	4.3309764832017767E-4	0.0011568014862767973	2.328244307441457E-4	3.1926978801385925E-4	0.001249873931101122	8.961388251432184E-4	4.888024908718085E-4
127	auth	0.8626804456839192	5.490140581926216E-4	0.13294386890437274	3.46951804587329E-4	9.267064015926692E-4	1.8651418845613607E-4	2.557650209629682E-4	0.0010012661522964682	7.178911817003351E-4	3.915766039195422E-4
128	auth	1.990166850813911E-4	1.4506190791953552E-4	0.9986448284500182	9.167249905266669E-5	2.4485675128033823E-4	4.928125906389499E-5	6.757889231854789E-5	2.645571205690665E-4	1.8968305627526118E-4	1.0346337842097984E-4
129	auth	3.540987474232447E-4	2.581001681950764E-4	0.997588822524122	1.6310751570619501E-4	4.356592960586895E-4	8.76832618271629E-5	1.2023917046182207E-4	4.707110108737622E-4	3.374919676057009E-4	1.8408633772622201E-4
130	auth	9.082299871593251E-5	6.620026592905304E-5	0.855476509687783	4.183554389091362E-5	0.1440167884771648	2.2489932072022965E-5	3.084021647612861E-5	1.2073294765164309E-4	8.656351586539943E-5	4.721641445103809E-5
131	auth	1.4549186876825014E-4	1.0604803341825175E-4	0.9990092969279044	6.701751260892266E-5	1.7900341526505553E-4	3.602724300993181E-5	4.9403794102453514E-5	1.9340544161811998E-4	1.3866848560900572E-4	7.563727769552991E-5
132	auth	0.9955778337431355	5.148766573560223E-4	3.1855862641787567E-4	3.253785267314391E-4	8.690842926194373E-4	1.7491683586010062E-4	2.398616885977872E-4	9.390079578568064E-4	6.732530915438787E-4	3.672285798812474E-4
133	auth	0.9955778337431355	5.148766573560223E-4	3.1855862641787567E-4	3.253785267314391E-4	8.690842926194373E-4	1.7491683586010062E-4	2.398616885977872E-4	9.390079578568064E-4	6.732530915438787E-4	3.672285798812474E-4
134	auth	0.9941138408069883	6.853306261967931E-4	4.240199663438858E-4	4.3309764832017767E-4	0.0011568014862767973	2.328244307441457E-4	3.1926978801385925E-4	0.001249873931101122	8.961388251432184E-4	4.888024908718085E-4
135	auth	0.9941138408069883	6.853306261967931E-4	4.240199663438858E-4	4.3309764832017767E-4	0.0011568014862767973	2.328244307441457E-4	3.1926978801385925E-4	0.001249873931101122	8.961388251432184E-4	4.888024908718085E-4
136	auth	2.100563056356962E-4	1.531086122431468E-4	9.472961827282478E-5	9.67576485937338E-5	0.998733365500423	5.2014931370221026E-5	7.13275495146614E-5	2.792323234287042E-4	2.0020493269986043E-4	1.0920257781809056E-4
137	email	0.9921696055281375	9.116996280258018E-4	5.640764191971589E-4	5.76152516433685E-4	0.001538900268606128	3.097277996792812E-4	4.247266003380518E-4	0.0016627151253807075	0.0011921390965357887	6.502570176660208E-4
138	email	0.41476257053744287	6.853306261967931E-4	4.240199663438858E-4	0.5797843679178656	0.0011568014862767973	2.328244307441457E-4	3.1926978801385925E-4	0.001249873931101122	8.961388251432184E-4	4.888024908718085E-4
139	email	0.9941138408069883	6.853306261967931E-4	4.240199663438858E-4	4.3309764832017767E-4	0.0011568014862767973	2.328244307441457E-4	3.1926978801385925E-4	0.001249873931101122	8.961388251432184E-4	4.888024908718085E-4
140	m	0.9899584041604218	0.0011691517234062494	7.233642499835705E-4	7.388504797264506E-4	0.0019734656523741345	3.9719089451203433E-4	5.44663858026338E-4	0.0021322442113769035	0.0015287836436578442	8.338811265147522E-4
141	m	0.9860069488459325	0.0016292230969910278	0.0010080143748813681	0.0010295945707424342	0.0027500415537164663	5.534889666571347E-4	7.589938241782938E-4	0.0029713008568979216	0.002130373306291572	0.0011620206037113812
142	role	0.9929462393180564	8.212754814613214E-4	5.081302202132896E-4	5.190085865822413E-4	0.0013862691397135093	2.790083926592964E-4	3.8260138806614925E-4	0.0014978037976027514	0.0010739004167374586	5.857632589076261E-4
143	role	0.9929462393180564	8.212754814613214E-4	5.081302202132896E-4	5.190085865822413E-4	0.0013862691397135093	2.790083926592964E-4	3.8260138806614925E-4	0.0014978037976027514	0.0010739004167374586	5.857632589076261E-4
144	web	1.4365212032839162E-4	1.0470705329556143E-4	6.478315650467157E-5	6.617007443035436E-5	1.7673991245385857E-4	3.55716775911832E-5	0.999005820319194	1.9095982481156254E-4	1.3691501902550148E-4	7.468084236472012E-5
145	web	0.24108536900895042	2.847244626443617E-4	1.7616147951496315E-4	1.799328535408102E-4	0.7569497927360079	9.672821905243564E-5	1.326424288599095E-4	5.192671534042531E-4	3.7230591438705855E-4	2.030757436378413E-4
146	naco	2.983095105448601E-4	2.1743577294779516E-4	1.3452938713526345E-4	1.3740947555046073E-4	0.9982012007853582	7.386852144770035E-5	1.0129515664711883E-4	3.965491894101251E-4	2.843191748118268E-4	1.5508302614656536E-4
147	naco	0.0010250743641989043	7.47169730865957E-4	4.622803534887987E-4	4.721771375224442E-4	0.9938188260980937	2.5383276422870734E-4	3.480783033260313E-4	0.0013626531968951292	9.76999683374031E-4	5.329083680063436E-4
148	naco	2.906766911245799E-4	2.11872262795577E-4	1.3108719544365792E-4	1.3389359128784903E-4	0.9982472265039269	7.197845403408162E-5	9.870332631149102E-5	3.8640271989764604E-4	2.7704432489136007E-4	1.511149302867811E-4
149	naco	8.683648744701716E-4	6.329452498389014E-4	3.9160868240134284E-4	3.999924835431763E-4	0.9947637805735178	2.1502777178330462E-4	2.948654095058897E-4	0.001154335932684211	8.276396689263674E-4	4.514393533288471E-4
150	console	2.465224518510524E-4	1.7968853815392637E-4	1.1117484756697777E-4	1.1355494753886745E-4	3.0330465334213556E-4	6.104481546243114E-5	8.371013827777012E-5	3.277075486945644E-4	0.9984451317206224	1.2816033848972062E-4
151	naco	7.532160543840678E-4	5.490140581926216E-4	3.3967973059810254E-4	3.46951804587329E-4	9.267064015926692E-4	1.8651418845613607E-4	2.557650209629682E-4	0.06730336073918379	7.178911817003351E-4	0.928620900820342
152	naco	0.0012508000229824454	9.116996280258018E-4	0.9914828819243522	5.76152516433685E-4	0.001538900268606128	3.097277996792812E-4	4.247266003380518E-4	0.0016627151253807075	0.0011921390965357887	6.502570176660208E-4
153	auth	3.433952345688287E-4	2.502984504874989E-4	1.5486180902290556E-4	1.5817718651492456E-4	0.9979293349476994	8.503281777189947E-5	1.166046433249493E-4	4.564826031421178E-4	3.2729043585836594E-4	1.7852187160903504E-4
154	auth	0.0016040096513729365	0.0011691517234062494	7.233642499835705E-4	7.388504797264506E-4	0.9903278601614229	3.9719089451203433E-4	5.44663858026338E-4	0.0021322442113769035	0.0015287836436578442	8.338811265147522E-4
155	consistency	4.921640142065756E-4	3.5873500194692423E-4	2.2195243819182525E-4	2.2670413341302132E-4	6.055255194629934E-4	1.2187150175937001E-4	1.671211582361965E-4	6.542441122107684E-4	0.7802813112974697	0.21687037082310268
156	name	3.433952345688287E-4	2.502984504874989E-4	1.5486180902290556E-4	1.5817718651492456E-4	0.9979293349476994	8.503281777189947E-5	1.166046433249493E-4	4.564826031421178E-4	3.2729043585836594E-4	1.7852187160903504E-4
157	name	3.0635399711731573E-4	2.232993444868159E-4	1.381572293935731E-4	1.4111498490205622E-4	0.9981526927237068	7.586052742775714E-5	1.0402677430829962E-4	4.072428968407107E-4	2.919863852198619E-4	1.592651365967926E-4
158	name	0.0016040096513729365	0.0011691517234062494	7.233642499835705E-4	7.388504797264506E-4	0.9903278601614229	3.9719089451203433E-4	5.44663858026338E-4	0.0021322442113769035	0.0015287836436578442	8.338811265147522E-4
159	name	0.0011267432381333248	8.212754814613214E-4	5.081302202132896E-4	5.190085865822413E-4	0.9932057652196365	2.790083926592964E-4	3.8260138806614925E-4	0.0014978037976027514	0.0010739004167374586	5.857632589076261E-4
160	web	4.0453571031018976E-4	2.948633273395213E-4	1.824344825042857E-4	1.8634015286212957E-4	4.977135447860949E-4	1.0017265201779477E-4	1.3736574496193247E-4	0.03614714886176031	3.855635012347786E-4	0.961663862022223
161	web	5.388533998658424E-4	3.927665775434848E-4	2.4300806738377007E-4	2.482105345515404E-4	0.901885226134383	1.3343290280103362E-4	1.8297519059833924E-4	0.09558181005840251	5.135818623904192E-4	2.801352720800807E-4
162	filter	3.654909770682938E-4	2.664038868862628E-4	1.6482638136028205E-4	1.6835508658657832E-4	0.9977960981488379	9.050424852093404E-5	1.2410756099468661E-4	4.858549445119049E-4	3.483499162042257E-4	1.9000884902894204E-4
163	filter	2.6995476413172343E-4	1.967681911740255E-4	1.2174217612624183E-4	1.2434850801081032E-4	0.9983721792281378	6.684721264082637E-5	9.166690686600403E-5	3.588566207571116E-4	2.5729422985631126E-4	1.403421622990266E-4
164	filter	2.765258076927333E-4	2.0155778012528677E-4	1.2470553609920132E-4	1.273753094288691E-4	0.9983325559926086	6.847435912815648E-5	9.38981963935548E-5	3.6759164899317995E-4	2.635570998516611E-4	1.4375826967864388E-4
165	web	1.859840324552197E-4	1.355624960765948E-4	8.387368494368895E-5	8.566930472231281E-5	0.9988785207320232	4.605406467013127E-5	6.315347327346187E-5	2.4723253770433473E-4	1.7726161844207143E-4	9.668805568892199E-5
166	web	3.433952345688287E-4	2.502984504874989E-4	1.5486180902290556E-4	1.5817718651492456E-4	0.9979293349476994	8.503281777189947E-5	1.166046433249493E-4	4.564826031421178E-4	3.2729043585836594E-4	1.7852187160903504E-4
167	apollo	8.683648744701716E-4	6.329452498389014E-4	3.9160868240134284E-4	3.999924835431763E-4	0.0010683777694406298	0.9939104305758605	2.948654095058897E-4	0.001154335932684211	8.276396689263674E-4	4.514393533288471E-4
168	apollo	6.650302564513139E-4	4.84736029974534E-4	2.999103604286473E-4	3.063310271176266E-4	8.182085237285709E-4	0.9953363522237303	2.2582030280988687E-4	8.84038891845247E-4	6.338411852635217E-4	3.457311986504253E-4
169	apollo	4.194728842254585E-4	3.057509317943369E-4	1.8917073723744395E-4	0.4063598676697168	0.591303941491425	1.0387145112652155E-4	1.4243787078470224E-4	5.57614244062521E-4	3.9980014073666024E-4	2.1807257889060563E-4
170	naco	8.683648744701716E-4	6.329452498389014E-4	3.9160868240134284E-4	3.999924835431763E-4	0.0010683777694406298	0.9939104305758605	2.948654095058897E-4	0.001154335932684211	8.276396689263674E-4	4.514393533288471E-4
171	naco	6.650302564513139E-4	4.84736029974534E-4	2.999103604286473E-4	3.063310271176266E-4	8.182085237285709E-4	0.9953363522237303	2.2582030280988687E-4	8.84038891845247E-4	6.338411852635217E-4	3.457311986504253E-4
172	naco	8.683648744701716E-4	6.329452498389014E-4	0.30614404031442505	3.999924835431763E-4	0.0010683777694406298	2.1502777178330462E-4	2.948654095058897E-4	0.001154335932684211	0.6887706108409798	4.514393533288471E-4
173	zookeeper	8.683648744701716E-4	6.329452498389014E-4	3.9160868240134284E-4	3.999924835431763E-4	0.0010683777694406298	0.9939104305758605	2.948654095058897E-4	0.001154335932684211	8.276396689263674E-4	4.514393533288471E-4
174	zookeeper	6.650302564513139E-4	4.84736029974534E-4	2.999103604286473E-4	3.063310271176266E-4	8.182085237285709E-4	0.9953363522237303	2.2582030280988687E-4	8.84038891845247E-4	6.338411852635217E-4	3.457311986504253E-4
175	zookeeper	4.194728842254585E-4	3.057509317943369E-4	1.8917073723744395E-4	0.9602234772809115	0.03744033188023025	1.0387145112652155E-4	1.4243787078470224E-4	5.57614244062521E-4	3.9980014073666024E-4	2.1807257889060563E-4
176	aop	0.0011267432381333248	8.212754814613214E-4	5.081302202132896E-4	5.190085865822413E-4	0.9932057652196365	2.790083926592964E-4	3.8260138806614925E-4	0.0014978037976027514	0.0010739004167374586	5.857632589076261E-4
177	consumer	6.282526537615784E-4	4.5792908555830164E-4	2.8332467282814986E-4	2.8939026284775993E-4	7.729598335958575E-4	1.5557028183311279E-4	2.1333195465512018E-4	8.351496408507867E-4	0.9960374800938668	3.266115202026189E-4
178	consumer	6.282526537615784E-4	4.5792908555830164E-4	2.8332467282814986E-4	2.8939026284775993E-4	7.729598335958575E-4	1.5557028183311279E-4	2.1333195465512018E-4	8.351496408507867E-4	0.9960374800938668	3.266115202026189E-4
179	consumer	3.9062576474930096E-4	2.847244626443617E-4	1.7616147951496315E-4	1.799328535408102E-4	4.8059968280445914E-4	9.672821905243564E-5	1.326424288599095E-4	5.192671534042531E-4	0.9975362422117917	2.030757436378413E-4
180	consumer	0.0010250743641989043	7.47169730865957E-4	4.622803534887987E-4	4.721771375224442E-4	0.0012611825914789654	2.5383276422870734E-4	3.480783033260313E-4	0.0013626531968951292	0.9935346431899887	5.329083680063436E-4
181	provider	6.282526537615784E-4	4.5792908555830164E-4	2.8332467282814986E-4	2.8939026284775993E-4	7.729598335958575E-4	1.5557028183311279E-4	2.1333195465512018E-4	8.351496408507867E-4	0.9960374800938668	3.266115202026189E-4
182	provider	6.282526537615784E-4	4.5792908555830164E-4	2.8332467282814986E-4	2.8939026284775993E-4	7.729598335958575E-4	1.5557028183311279E-4	2.1333195465512018E-4	8.351496408507867E-4	0.9960374800938668	3.266115202026189E-4
183	provider	5.388533998658424E-4	3.927665775434848E-4	2.4300806738377007E-4	2.482105345515404E-4	6.629690010842832E-4	1.3343290280103362E-4	1.8297519059833924E-4	7.163093075289536E-4	0.9966013397465627	2.801352720800807E-4
184	aop	0.0011267432381333248	8.212754814613214E-4	5.081302202132896E-4	5.190085865822413E-4	0.9932057652196365	2.790083926592964E-4	3.8260138806614925E-4	0.0014978037976027514	0.0010739004167374586	5.857632589076261E-4
185	consumer	6.282526537615784E-4	4.5792908555830164E-4	2.8332467282814986E-4	2.8939026284775993E-4	7.729598335958575E-4	1.5557028183311279E-4	2.1333195465512018E-4	8.351496408507867E-4	0.9960374800938668	3.266115202026189E-4
186	consumer	6.282526537615784E-4	4.5792908555830164E-4	2.8332467282814986E-4	2.8939026284775993E-4	7.729598335958575E-4	1.5557028183311279E-4	2.1333195465512018E-4	8.351496408507867E-4	0.9960374800938668	3.266115202026189E-4
187	consumer	3.9062576474930096E-4	2.847244626443617E-4	1.7616147951496315E-4	1.799328535408102E-4	4.8059968280445914E-4	9.672821905243564E-5	1.326424288599095E-4	5.192671534042531E-4	0.9975362422117917	2.030757436378413E-4
188	consumer	0.0010250743641989043	7.47169730865957E-4	4.622803534887987E-4	4.721771375224442E-4	0.0012611825914789654	2.5383276422870734E-4	3.480783033260313E-4	0.0013626531968951292	0.9935346431899887	5.329083680063436E-4
189	provider	6.282526537615784E-4	4.5792908555830164E-4	2.8332467282814986E-4	2.8939026284775993E-4	7.729598335958575E-4	1.5557028183311279E-4	2.1333195465512018E-4	8.351496408507867E-4	0.9960374800938668	3.266115202026189E-4
190	provider	6.282526537615784E-4	4.5792908555830164E-4	2.8332467282814986E-4	2.8939026284775993E-4	7.729598335958575E-4	1.5557028183311279E-4	2.1333195465512018E-4	8.351496408507867E-4	0.9960374800938668	3.266115202026189E-4
191	provider	5.388533998658424E-4	3.927665775434848E-4	2.4300806738377007E-4	2.482105345515404E-4	6.629690010842832E-4	1.3343290280103362E-4	1.8297519059833924E-4	7.163093075289536E-4	0.9966013397465627	2.801352720800807E-4
192	provider	6.282526537615784E-4	4.5792908555830164E-4	2.8332467282814986E-4	2.8939026284775993E-4	7.729598335958575E-4	1.5557028183311279E-4	2.1333195465512018E-4	8.351496408507867E-4	0.9960374800938668	3.266115202026189E-4
193	provider	6.282526537615784E-4	4.5792908555830164E-4	2.8332467282814986E-4	2.8939026284775993E-4	7.729598335958575E-4	1.5557028183311279E-4	2.1333195465512018E-4	8.351496408507867E-4	0.9960374800938668	3.266115202026189E-4
194	provider	5.388533998658424E-4	3.927665775434848E-4	2.4300806738377007E-4	2.482105345515404E-4	6.629690010842832E-4	1.3343290280103362E-4	1.8297519059833924E-4	7.163093075289536E-4	0.9966013397465627	2.801352720800807E-4
195	sentinel	8.067020928474815E-4	5.879996677830304E-4	3.638004633284595E-4	3.715889288986044E-4	9.925120279483223E-4	1.9975860219330067E-4	2.739269516191166E-4	0.0010723662830254075	0.994911962437264	4.1938254509234435E-4
196	gateway	3.540987474232447E-4	2.581001681950764E-4	1.5968879902355612E-4	1.6310751570619501E-4	4.356592960586895E-4	8.76832618271629E-5	1.2023917046182207E-4	4.707110108737622E-4	3.374919676057009E-4	0.9976132200628247
197	gateway	0.0011267432381333248	8.212754814613214E-4	5.081302202132896E-4	5.190085865822413E-4	0.9932057652196365	2.790083926592964E-4	3.8260138806614925E-4	0.0014978037976027514	0.0010739004167374586	5.857632589076261E-4
198	redi	2.2683313510742467E-4	0.998518458507487	1.0229550707999725E-4	1.0448551263299664E-4	2.7908024155071917E-4	5.616927289756037E-5	7.702435605051999E-5	3.0153412036348665E-4	2.1619495025796057E-4	1.1792439657227096E-4
199	web	4.194728842254585E-4	3.057509317943369E-4	1.8917073723744395E-4	1.932206215074443E-4	5.160912394839355E-4	1.0387145112652155E-4	1.4243787078470224E-4	5.57614244062521E-4	3.9980014073666024E-4	0.997172569879041
200	web	5.656854149439018E-4	4.1232425080569006E-4	2.551085684286828E-4	2.60570090614986E-4	0.9965889304760119	1.40077147155357E-4	1.9208637570781016E-4	7.519776769685014E-4	5.391554901691592E-4	2.940845091939606E-4
201	zuul	0.0010250743641989043	7.47169730865957E-4	4.622803534887987E-4	4.721771375224442E-4	0.9938188260980937	2.5383276422870734E-4	3.480783033260313E-4	0.0013626531968951292	9.76999683374031E-4	5.329083680063436E-4
202	zuul	0.0010250743641989043	7.47169730865957E-4	4.622803534887987E-4	4.721771375224442E-4	0.9938188260980937	2.5383276422870734E-4	3.480783033260313E-4	0.0013626531968951292	9.76999683374031E-4	5.329083680063436E-4
203	zuul	0.0010250743641989043	7.47169730865957E-4	4.622803534887987E-4	4.721771375224442E-4	0.8133538000059819	2.5383276422870734E-4	3.480783033260313E-4	0.0013626531968951292	9.76999683374031E-4	0.1809979344601181
204	aop	0.0010250743641989043	7.47169730865957E-4	4.622803534887987E-4	4.721771375224442E-4	0.9938188260980937	2.5383276422870734E-4	3.480783033260313E-4	0.0013626531968951292	9.76999683374031E-4	5.329083680063436E-4
205	datum	0.041995690467005825	3.438389029802116E-4	2.1273609334879329E-4	2.1729047935318462E-4	5.80381700165078E-4	1.168109140230831E-4	1.601816254361985E-4	6.270773038675932E-4	0.9555007542218033	2.4523829201687585E-4
