0	sys	4.109942247920653E-4	0.0021369417209747403	0.0010304897989851856	6.761633695737847E-4	0.9923408397604888	9.63590363405065E-4	5.959510118967096E-4	6.985241080798474E-4	3.347633856568137E-4	8.11742256146974E-4
1	file	4.7880646141419437E-4	0.002489527691504505	0.0012005160764123877	7.877273469896513E-4	0.9910771120602971	0.0011225785286599096	6.942803036389063E-4	8.137775088480393E-4	3.899978696257066E-4	9.456761526095556E-4
2	file	4.7880646141419437E-4	0.002489527691504505	0.0012005160764123877	7.877273469896513E-4	0.9910771120602971	0.0011225785286599096	6.942803036389063E-4	8.137775088480393E-4	3.899978696257066E-4	9.456761526095556E-4
3	index	4.109942247920653E-4	0.0021369417209747403	0.0010304897989851856	6.761633695737847E-4	9.472504741618429E-4	9.63590363405065E-4	5.959510118967096E-4	6.985241080798474E-4	3.347633856568137E-4	0.9922053315424739
4	sy	4.109942247920653E-4	0.0021369417209747403	0.0010304897989851856	6.761633695737847E-4	0.9923408397604888	9.63590363405065E-4	5.959510118967096E-4	6.985241080798474E-4	3.347633856568137E-4	8.11742256146974E-4
5	sy	4.109942247920653E-4	0.0021369417209747403	0.0010304897989851856	6.761633695737847E-4	0.9923408397604888	9.63590363405065E-4	5.959510118967096E-4	6.985241080798474E-4	3.347633856568137E-4	8.11742256146974E-4
6	sy	4.109942247920653E-4	0.0021369417209747403	0.0010304897989851856	6.761633695737847E-4	0.9923408397604888	9.63590363405065E-4	5.959510118967096E-4	6.985241080798474E-4	3.347633856568137E-4	8.11742256146974E-4
7	sy	4.109942247920653E-4	0.0021369417209747403	0.0010304897989851856	6.761633695737847E-4	0.9923408397604888	9.63590363405065E-4	5.959510118967096E-4	6.985241080798474E-4	3.347633856568137E-4	8.11742256146974E-4
8	sy	4.109942247920653E-4	0.0021369417209747403	0.0010304897989851856	6.761633695737847E-4	0.9923408397604888	9.63590363405065E-4	5.959510118967096E-4	6.985241080798474E-4	3.347633856568137E-4	8.11742256146974E-4
9	user	5.734178867712435E-4	0.0029814545603763353	0.9894300982855799	9.43381067432966E-4	0.0013216009675360988	0.0013443983310870464	8.314690310645768E-4	9.7457870148069E-4	4.670608529081767E-4	0.0011325403157628642
10	user	5.734178867712435E-4	0.0029814545603763353	0.0014377362192190507	9.43381067432966E-4	0.0013216009675360988	0.9893367603974479	8.314690310645768E-4	9.7457870148069E-4	4.670608529081767E-4	0.0011325403157628642
11	user	5.734178867712435E-4	0.0029814545603763353	0.0014377362192190507	9.43381067432966E-4	0.0013216009675360988	0.0013443983310870464	0.9888238310974256	9.7457870148069E-4	4.670608529081767E-4	0.0011325403157628642
12	order	0.990452375892041	0.002489527691504505	0.0012005160764123877	7.877273469896513E-4	0.0011035426296703184	0.0011225785286599096	6.942803036389063E-4	8.137775088480393E-4	3.899978696257066E-4	9.456761526095556E-4
13	order	0.9928212877039273	0.0018718377313911105	9.026496458098363E-4	5.922801241277852E-4	8.297367968488537E-4	8.44049597666961E-4	5.22018723851833E-4	6.118668417376255E-4	2.932334233592628E-4	7.110394112794873E-4
14	order	4.7880646141419437E-4	0.9924630971221313	0.0012005160764123877	7.877273469896513E-4	0.0011035426296703184	0.0011225785286599096	6.942803036389063E-4	8.137775088480393E-4	3.899978696257066E-4	9.456761526095556E-4
15	storage	0.9928212877039273	0.0018718377313911105	9.026496458098363E-4	5.922801241277852E-4	8.297367968488537E-4	8.44049597666961E-4	5.22018723851833E-4	6.118668417376255E-4	2.932334233592628E-4	7.110394112794873E-4
16	storage	4.7880646141419437E-4	0.9924630971221313	0.0012005160764123877	7.877273469896513E-4	0.0011035426296703184	0.0011225785286599096	6.942803036389063E-4	8.137775088480393E-4	3.899978696257066E-4	9.456761526095556E-4
17	account	0.990452375892041	0.002489527691504505	0.0012005160764123877	7.877273469896513E-4	0.0011035426296703184	0.0011225785286599096	6.942803036389063E-4	8.137775088480393E-4	3.899978696257066E-4	9.456761526095556E-4
18	account	4.7880646141419437E-4	0.9924630971221313	0.0012005160764123877	7.877273469896513E-4	0.0011035426296703184	0.0011225785286599096	6.942803036389063E-4	8.137775088480393E-4	3.899978696257066E-4	9.456761526095556E-4
19	service	7.146271125577655E-4	0.003715664113132043	0.7405683227526105	0.0011756969983223273	0.0016470568937111763	0.0016754683096509143	0.0010362256332752397	0.24747342108379777	5.820787185100347E-4	0.0014114383844321052
20	service	0.9857500021451143	0.003715664113132043	0.0017917914781931327	0.0011756969983223273	0.0016470568937111763	0.0016754683096509143	0.0010362256332752397	0.0012145773256586334	5.820787185100347E-4	0.0014114383844321052
21	demo	9.481067958672746E-4	0.004929628802092052	0.0023771973486587505	0.0015598153140321145	0.9823313773389617	0.002222869609515245	0.0013747765060910847	0.001611398443086872	7.722528001685195E-4	0.0018725770415264442
22	demo	4.7880646141419437E-4	0.9924630971221313	0.0012005160764123877	7.877273469896513E-4	0.0011035426296703184	0.0011225785286599096	6.942803036389063E-4	8.137775088480393E-4	3.899978696257066E-4	9.456761526095556E-4
23	demo	4.7880646141419437E-4	0.9924630971221313	0.0012005160764123877	7.877273469896513E-4	0.0011035426296703184	0.0011225785286599096	6.942803036389063E-4	8.137775088480393E-4	3.899978696257066E-4	9.456761526095556E-4
24	demo	9.481067958672746E-4	0.9850758303946165	0.0023771973486587505	0.0015598153140321145	0.002185175746437107	0.002222869609515245	0.0013747765060910847	0.001611398443086872	7.722528001685195E-4	0.0018725770415264442
25	demo	9.481067958672746E-4	0.004929628802092052	0.0023771973486587505	0.9817060169065567	0.002185175746437107	0.002222869609515245	0.0013747765060910847	0.001611398443086872	7.722528001685195E-4	0.0018725770415264442
26	job	4.109942247920653E-4	0.9935305310073017	0.0010304897989851856	6.761633695737847E-4	9.472504741618429E-4	9.63590363405065E-4	5.959510118967096E-4	6.985241080798474E-4	3.347633856568137E-4	8.11742256146974E-4
27	job	4.7880646141419437E-4	0.9924630971221313	0.0012005160764123877	7.877273469896513E-4	0.0011035426296703184	0.0011225785286599096	6.942803036389063E-4	8.137775088480393E-4	3.899978696257066E-4	9.456761526095556E-4
28	job	4.7880646141419437E-4	0.9924630971221313	0.0012005160764123877	7.877273469896513E-4	0.0011035426296703184	0.0011225785286599096	6.942803036389063E-4	8.137775088480393E-4	3.899978696257066E-4	9.456761526095556E-4
29	job	4.109942247920653E-4	0.9935305310073017	0.0010304897989851856	6.761633695737847E-4	9.472504741618429E-4	9.63590363405065E-4	5.959510118967096E-4	6.985241080798474E-4	3.347633856568137E-4	8.11742256146974E-4
30	job	4.7880646141419437E-4	0.9924630971221313	0.0012005160764123877	7.877273469896513E-4	0.0011035426296703184	0.0011225785286599096	6.942803036389063E-4	8.137775088480393E-4	3.899978696257066E-4	9.456761526095556E-4
31	job	4.7880646141419437E-4	0.9924630971221313	0.0012005160764123877	7.877273469896513E-4	0.0011035426296703184	0.0011225785286599096	6.942803036389063E-4	8.137775088480393E-4	3.899978696257066E-4	9.456761526095556E-4
32	client	4.7880646141419437E-4	0.002489527691504505	0.0012005160764123877	7.877273469896513E-4	0.9910771120602971	0.0011225785286599096	6.942803036389063E-4	8.137775088480393E-4	3.899978696257066E-4	9.456761526095556E-4
33	token	4.7880646141419437E-4	0.002489527691504505	0.0012005160764123877	7.877273469896513E-4	0.9910771120602971	0.0011225785286599096	6.942803036389063E-4	8.137775088480393E-4	3.899978696257066E-4	9.456761526095556E-4
34	app	7.146271125577655E-4	0.003715664113132043	0.0017917914781931327	0.0011756969983223273	0.0016470568937111763	0.9867108433422075	0.0010362256332752397	0.0012145773256586334	5.820787185100347E-4	0.0014114383844321052
35	app	5.734178867712435E-4	0.9909738166267372	0.0014377362192190507	9.43381067432966E-4	0.0013216009675360988	0.0013443983310870464	8.314690310645768E-4	9.7457870148069E-4	4.670608529081767E-4	0.0011325403157628642
36	app	4.7880646141419437E-4	0.002489527691504505	0.0012005160764123877	7.877273469896513E-4	0.0011035426296703184	0.0011225785286599096	6.942803036389063E-4	8.137775088480393E-4	0.9903635673002524	9.456761526095556E-4
37	app	5.734178867712435E-4	0.0029814545603763353	0.0014377362192190507	9.43381067432966E-4	0.0013216009675360988	0.9893367603974479	8.314690310645768E-4	9.7457870148069E-4	4.670608529081767E-4	0.0011325403157628642
38	cluster	3.2027471166266684E-4	0.0016652506342914463	8.030278853876284E-4	0.9938202107758815	7.38162130229441E-4	7.508952855885475E-4	4.644056460814243E-4	5.443375935948524E-4	2.608704462226888E-4	6.325648910599825E-4
39	cluster	7.146271125577655E-4	0.003715664113132043	0.0017917914781931327	0.0011756969983223273	0.0016470568937111763	0.9867108433422075	0.0010362256332752397	0.0012145773256586334	5.820787185100347E-4	0.0014114383844321052
40	instance	5.734178867712435E-4	0.0029814545603763353	0.0014377362192190507	9.43381067432966E-4	0.989313963033897	0.0013443983310870464	8.314690310645768E-4	9.7457870148069E-4	4.670608529081767E-4	0.0011325403157628642
41	instance	4.7880646141419437E-4	0.9924630971221313	0.0012005160764123877	7.877273469896513E-4	0.0011035426296703184	0.0011225785286599096	6.942803036389063E-4	8.137775088480393E-4	3.899978696257066E-4	9.456761526095556E-4
42	instance	4.7880646141419437E-4	0.002489527691504505	0.0012005160764123877	7.877273469896513E-4	0.9910771120602971	0.0011225785286599096	6.942803036389063E-4	8.137775088480393E-4	3.899978696257066E-4	9.456761526095556E-4
43	instance	4.7880646141419437E-4	0.002489527691504505	0.0012005160764123877	0.9907612967776164	0.0011035426296703184	0.0011225785286599096	6.942803036389063E-4	8.137775088480393E-4	3.899978696257066E-4	9.456761526095556E-4
44	instance	4.7880646141419437E-4	0.002489527691504505	0.0012005160764123877	7.877273469896513E-4	0.9910771120602971	0.0011225785286599096	6.942803036389063E-4	8.137775088480393E-4	3.899978696257066E-4	9.456761526095556E-4
45	instance	4.7880646141419437E-4	0.9924630971221313	0.0012005160764123877	7.877273469896513E-4	0.0011035426296703184	0.0011225785286599096	6.942803036389063E-4	8.137775088480393E-4	3.899978696257066E-4	9.456761526095556E-4
46	instance	4.7880646141419437E-4	0.002489527691504505	0.0012005160764123877	7.877273469896513E-4	0.9910771120602971	0.0011225785286599096	6.942803036389063E-4	8.137775088480393E-4	3.899978696257066E-4	9.456761526095556E-4
47	instance	4.7880646141419437E-4	0.002489527691504505	0.0012005160764123877	0.9907612967776164	0.0011035426296703184	0.0011225785286599096	6.942803036389063E-4	8.137775088480393E-4	3.899978696257066E-4	9.456761526095556E-4
48	instance	2.8844068906543535E-4	0.9954596488671211	7.23210132318938E-4	4.745395834682162E-4	6.64791773225124E-4	6.76259303979242E-4	4.182455863162022E-4	4.90232618634255E-4	2.349409695028727E-4	5.696904763686709E-4
49	instance	4.7880646141419437E-4	0.9924630971221313	0.0012005160764123877	7.877273469896513E-4	0.0011035426296703184	0.0011225785286599096	6.942803036389063E-4	8.137775088480393E-4	3.899978696257066E-4	9.456761526095556E-4
50	instance	4.7880646141419437E-4	0.002489527691504505	0.0012005160764123877	7.877273469896513E-4	0.9910771120602971	0.0011225785286599096	6.942803036389063E-4	8.137775088480393E-4	3.899978696257066E-4	9.456761526095556E-4
51	instance	4.7880646141419437E-4	0.002489527691504505	0.0012005160764123877	0.9907612967776164	0.0011035426296703184	0.0011225785286599096	6.942803036389063E-4	8.137775088480393E-4	3.899978696257066E-4	9.456761526095556E-4
52	item	7.146271125577655E-4	0.003715664113132043	0.0017917914781931327	0.0011756969983223273	0.0016470568937111763	0.9867108433422075	0.0010362256332752397	0.0012145773256586334	5.820787185100347E-4	0.0014114383844321052
53	namespace	4.7880646141419437E-4	0.002489527691504505	0.0012005160764123877	7.877273469896513E-4	0.0011035426296703184	0.9910961479592867	6.942803036389063E-4	8.137775088480393E-4	3.899978696257066E-4	9.456761526095556E-4
54	namespace	4.7880646141419437E-4	0.002489527691504505	0.0012005160764123877	7.877273469896513E-4	0.0011035426296703184	0.9910961479592867	6.942803036389063E-4	8.137775088480393E-4	3.899978696257066E-4	9.456761526095556E-4
55	namespace	7.146271125577655E-4	0.003715664113132043	0.0017917914781931327	0.0011756969983223273	0.0016470568937111763	0.9867108433422075	0.0010362256332752397	0.0012145773256586334	5.820787185100347E-4	0.0014114383844321052
56	release	5.734178867712435E-4	0.0029814545603763353	0.0014377362192190507	9.43381067432966E-4	0.989313963033897	0.0013443983310870464	8.314690310645768E-4	9.7457870148069E-4	4.670608529081767E-4	0.0011325403157628642
57	release	7.146271125577655E-4	0.003715664113132043	0.4943094789944714	0.0011756969983223273	0.49416474440998953	0.0016754683096509143	0.0010362256332752397	0.0012145773256586334	5.820787185100347E-4	0.0014114383844321052
58	release	3.6000724296716627E-4	0.0018718377313911105	9.026496458098363E-4	5.922801241277852E-4	8.297367968488537E-4	8.44049597666961E-4	5.22018723851833E-4	6.118668417376255E-4	0.9927545138843195	7.110394112794873E-4
59	release	5.734178867712435E-4	0.0029814545603763353	0.0014377362192190507	9.43381067432966E-4	0.0013216009675360988	0.9893367603974479	8.314690310645768E-4	9.7457870148069E-4	4.670608529081767E-4	0.0011325403157628642
60	release	4.109942247920653E-4	0.0021369417209747403	0.0010304897989851856	6.761633695737847E-4	9.472504741618429E-4	9.63590363405065E-4	5.959510118967096E-4	6.985241080798474E-4	0.9917283526719838	8.11742256146974E-4
61	release	5.734178867712435E-4	0.0029814545603763353	0.0014377362192190507	9.43381067432966E-4	0.989313963033897	0.0013443983310870464	8.314690310645768E-4	9.7457870148069E-4	4.670608529081767E-4	0.0011325403157628642
62	release	5.734178867712435E-4	0.0029814545603763353	0.0014377362192190507	9.43381067432966E-4	0.0013216009675360988	0.0013443983310870464	0.9888238310974256	9.7457870148069E-4	4.670608529081767E-4	0.0011325403157628642
63	release	4.109942247920653E-4	0.0021369417209747403	0.0010304897989851856	6.761633695737847E-4	9.472504741618429E-4	9.63590363405065E-4	0.9919895402982237	6.985241080798474E-4	3.347633856568137E-4	8.11742256146974E-4
64	release	3.2027471166266684E-4	0.0016652506342914463	8.030278853876284E-4	5.269125821333975E-4	7.38162130229441E-4	7.508952855885475E-4	4.644056460814243E-4	5.443375935948524E-4	0.9935541686399707	6.325648910599825E-4
65	release	4.109942247920653E-4	0.0021369417209747403	0.0010304897989851856	6.761633695737847E-4	9.472504741618429E-4	9.63590363405065E-4	5.959510118967096E-4	6.985241080798474E-4	0.9917283526719838	8.11742256146974E-4
66	release	5.734178867712435E-4	0.0029814545603763353	0.0014377362192190507	9.43381067432966E-4	0.0013216009675360988	0.9893367603974479	8.314690310645768E-4	9.7457870148069E-4	4.670608529081767E-4	0.0011325403157628642
67	release	5.734178867712435E-4	0.0029814545603763353	0.0014377362192190507	9.43381067432966E-4	0.0013216009675360988	0.9893367603974479	8.314690310645768E-4	9.7457870148069E-4	4.670608529081767E-4	0.0011325403157628642
68	release	5.734178867712435E-4	0.0029814545603763353	0.0014377362192190507	9.43381067432966E-4	0.989313963033897	0.0013443983310870464	8.314690310645768E-4	9.7457870148069E-4	4.670608529081767E-4	0.0011325403157628642
69	release	3.6000724296716627E-4	0.0018718377313911105	9.026496458098363E-4	5.922801241277852E-4	8.297367968488537E-4	8.44049597666961E-4	5.22018723851833E-4	6.118668417376255E-4	0.9927545138843195	7.110394112794873E-4
70	release	4.109942247920653E-4	0.0021369417209747403	0.0010304897989851856	6.761633695737847E-4	9.472504741618429E-4	9.63590363405065E-4	5.959510118967096E-4	6.985241080798474E-4	0.9917283526719838	8.11742256146974E-4
71	release	0.994248358160198	0.0014997313959885384	7.23210132318938E-4	4.745395834682162E-4	6.64791773225124E-4	6.76259303979242E-4	4.182455863162022E-4	4.90232618634255E-4	2.349409695028727E-4	5.696904763686709E-4
72	release	5.734178867712435E-4	0.0029814545603763353	0.0014377362192190507	9.43381067432966E-4	0.989313963033897	0.0013443983310870464	8.314690310645768E-4	9.7457870148069E-4	4.670608529081767E-4	0.0011325403157628642
73	release	5.734178867712435E-4	0.0029814545603763353	0.0014377362192190507	9.43381067432966E-4	0.0013216009675360988	0.9893367603974479	8.314690310645768E-4	9.7457870148069E-4	4.670608529081767E-4	0.0011325403157628642
74	release	4.109942247920653E-4	0.0021369417209747403	0.0010304897989851856	6.761633695737847E-4	0.9923408397604888	9.63590363405065E-4	5.959510118967096E-4	6.985241080798474E-4	3.347633856568137E-4	8.11742256146974E-4
75	release	5.734178867712435E-4	0.0029814545603763353	0.0014377362192190507	9.43381067432966E-4	0.0013216009675360988	0.9893367603974479	8.314690310645768E-4	9.7457870148069E-4	4.670608529081767E-4	0.0011325403157628642
76	config	3.2027471166266684E-4	0.0016652506342914463	8.030278853876284E-4	5.269125821333975E-4	7.38162130229441E-4	7.508952855885475E-4	0.9937577038398294	5.443375935948524E-4	2.608704462226888E-4	6.325648910599825E-4
77	config	0.662515806840828	0.0016652506342914463	8.030278853876284E-4	5.269125821333975E-4	0.3318359281948121	7.508952855885475E-4	4.644056460814243E-4	5.443375935948524E-4	2.608704462226888E-4	6.325648910599825E-4
78	config	4.7880646141419437E-4	0.9924630971221313	0.0012005160764123877	7.877273469896513E-4	0.0011035426296703184	0.0011225785286599096	6.942803036389063E-4	8.137775088480393E-4	3.899978696257066E-4	9.456761526095556E-4
79	config	3.6000724296716627E-4	0.0018718377313911105	9.026496458098363E-4	5.922801241277852E-4	8.297367968488537E-4	8.44049597666961E-4	5.22018723851833E-4	6.118668417376255E-4	0.9927545138843195	7.110394112794873E-4
80	config	2.8844068906543535E-4	0.0014997313959885384	7.23210132318938E-4	4.745395834682162E-4	6.64791773225124E-4	6.76259303979242E-4	0.9943781630574487	4.90232618634255E-4	2.349409695028727E-4	5.696904763686709E-4
81	config	4.109942247920653E-4	0.9935305310073017	0.0010304897989851856	6.761633695737847E-4	9.472504741618429E-4	9.63590363405065E-4	5.959510118967096E-4	6.985241080798474E-4	3.347633856568137E-4	8.11742256146974E-4
82	config	2.8844068906543535E-4	0.0014997313959885384	7.23210132318938E-4	4.745395834682162E-4	6.64791773225124E-4	6.76259303979242E-4	0.9943781630574487	4.90232618634255E-4	2.349409695028727E-4	5.696904763686709E-4
83	config	4.109942247920653E-4	0.9935305310073017	0.0010304897989851856	6.761633695737847E-4	9.472504741618429E-4	9.63590363405065E-4	5.959510118967096E-4	6.985241080798474E-4	3.347633856568137E-4	8.11742256146974E-4
84	notification	5.734178867712435E-4	0.9909738166267372	0.0014377362192190507	9.43381067432966E-4	0.0013216009675360988	0.0013443983310870464	8.314690310645768E-4	9.7457870148069E-4	4.670608529081767E-4	0.0011325403157628642
85	notification	5.734178867712435E-4	0.0029814545603763353	0.0014377362192190507	9.43381067432966E-4	0.989313963033897	0.0013443983310870464	8.314690310645768E-4	9.7457870148069E-4	4.670608529081767E-4	0.0011325403157628642
86	notification	3.6000724296716627E-4	0.0018718377313911105	9.026496458098363E-4	0.993053560585088	8.297367968488537E-4	8.44049597666961E-4	5.22018723851833E-4	6.118668417376255E-4	2.932334233592628E-4	7.110394112794873E-4
87	notification	3.2027471166266684E-4	0.0016652506342914463	8.030278853876284E-4	5.269125821333975E-4	7.38162130229441E-4	7.508952855885475E-4	0.9937577038398294	5.443375935948524E-4	2.608704462226888E-4	6.325648910599825E-4
88	notification	7.146271125577655E-4	0.003715664113132043	0.9868271665107498	0.0011756969983223273	0.0016470568937111763	0.0016754683096509143	0.0010362256332752397	0.0012145773256586334	5.820787185100347E-4	0.0014114383844321052
89	notification	4.7880646141419437E-4	0.002489527691504505	0.0012005160764123877	7.877273469896513E-4	0.0011035426296703184	0.0011225785286599096	6.942803036389063E-4	8.137775088480393E-4	3.899978696257066E-4	0.9909192455832364
90	notification	5.734178867712435E-4	0.9909738166267372	0.0014377362192190507	9.43381067432966E-4	0.0013216009675360988	0.0013443983310870464	8.314690310645768E-4	9.7457870148069E-4	4.670608529081767E-4	0.0011325403157628642
91	notification	5.734178867712435E-4	0.0029814545603763353	0.0014377362192190507	9.43381067432966E-4	0.989313963033897	0.0013443983310870464	8.314690310645768E-4	9.7457870148069E-4	4.670608529081767E-4	0.0011325403157628642
92	notification	4.7880646141419437E-4	0.002489527691504505	0.9911740855070392	7.877273469896513E-4	0.0011035426296703184	0.0011225785286599096	6.942803036389063E-4	8.137775088480393E-4	3.899978696257066E-4	9.456761526095556E-4
93	notification	3.2027471166266684E-4	0.0016652506342914463	8.030278853876284E-4	5.269125821333975E-4	7.38162130229441E-4	7.508952855885475E-4	0.9937577038398294	5.443375935948524E-4	2.608704462226888E-4	6.325648910599825E-4
94	notification	4.7880646141419437E-4	0.9924630971221313	0.0012005160764123877	7.877273469896513E-4	0.0011035426296703184	0.0011225785286599096	6.942803036389063E-4	8.137775088480393E-4	3.899978696257066E-4	9.456761526095556E-4
95	service	5.734178867712435E-4	0.9909738166267372	0.0014377362192190507	9.43381067432966E-4	0.0013216009675360988	0.0013443983310870464	8.314690310645768E-4	9.7457870148069E-4	4.670608529081767E-4	0.0011325403157628642
96	service	4.7880646141419437E-4	0.9924630971221313	0.0012005160764123877	7.877273469896513E-4	0.0011035426296703184	0.0011225785286599096	6.942803036389063E-4	8.137775088480393E-4	3.899978696257066E-4	9.456761526095556E-4
97	app	4.109942247920653E-4	0.9935305310073017	0.0010304897989851856	6.761633695737847E-4	9.472504741618429E-4	9.63590363405065E-4	5.959510118967096E-4	6.985241080798474E-4	3.347633856568137E-4	8.11742256146974E-4
98	item	5.734178867712435E-4	0.0029814545603763353	0.0014377362192190507	0.9889357431337938	0.0013216009675360988	0.0013443983310870464	8.314690310645768E-4	9.7457870148069E-4	4.670608529081767E-4	0.0011325403157628642
99	item	7.146271125577655E-4	0.003715664113132043	0.0017917914781931327	0.0011756969983223273	0.0016470568937111763	0.9867108433422075	0.0010362256332752397	0.0012145773256586334	5.820787185100347E-4	0.0014114383844321052
100	namespace	4.7880646141419437E-4	0.002489527691504505	0.0012005160764123877	7.877273469896513E-4	0.0011035426296703184	0.9910961479592867	6.942803036389063E-4	8.137775088480393E-4	3.899978696257066E-4	9.456761526095556E-4
101	namespace	4.7880646141419437E-4	0.002489527691504505	0.0012005160764123877	7.877273469896513E-4	0.0011035426296703184	0.9910961479592867	6.942803036389063E-4	8.137775088480393E-4	3.899978696257066E-4	9.456761526095556E-4
102	namespace	4.7880646141419437E-4	0.002489527691504505	0.0012005160764123877	7.877273469896513E-4	0.0011035426296703184	0.9910961479592867	6.942803036389063E-4	8.137775088480393E-4	3.899978696257066E-4	9.456761526095556E-4
103	release	4.109942247920653E-4	0.0021369417209747403	0.0010304897989851856	6.761633695737847E-4	9.472504741618429E-4	9.63590363405065E-4	0.9919895402982237	6.985241080798474E-4	3.347633856568137E-4	8.11742256146974E-4
104	release	7.146271125577655E-4	0.003715664113132043	0.0017917914781931327	0.0011756969983223273	0.0016470568937111763	0.9867108433422075	0.0010362256332752397	0.0012145773256586334	5.820787185100347E-4	0.0014114383844321052
105	app	4.109942247920653E-4	0.9935305310073017	0.0010304897989851856	6.761633695737847E-4	9.472504741618429E-4	9.63590363405065E-4	5.959510118967096E-4	6.985241080798474E-4	3.347633856568137E-4	8.11742256146974E-4
106	app	4.109942247920653E-4	0.0021369417209747403	0.0010304897989851856	6.761633695737847E-4	9.472504741618429E-4	9.63590363405065E-4	5.959510118967096E-4	6.985241080798474E-4	3.347633856568137E-4	0.9922053315424739
107	app	5.734178867712435E-4	0.0029814545603763353	0.9894300982855799	9.43381067432966E-4	0.0013216009675360988	0.0013443983310870464	8.314690310645768E-4	9.7457870148069E-4	4.670608529081767E-4	0.0011325403157628642
108	commit	3.6000724296716627E-4	0.0018718377313911105	9.026496458098363E-4	5.922801241277852E-4	8.297367968488537E-4	8.44049597666961E-4	5.22018723851833E-4	0.9930731473026978	2.932334233592628E-4	7.110394112794873E-4
109	commit	3.2027471166266684E-4	0.0016652506342914463	8.030278853876284E-4	5.269125821333975E-4	7.38162130229441E-4	7.508952855885475E-4	4.644056460814243E-4	0.9938376357873429	2.608704462226888E-4	6.325648910599825E-4
110	configs	4.109942247920653E-4	0.0021369417209747403	0.0010304897989851856	6.761633695737847E-4	0.9923408397604888	9.63590363405065E-4	5.959510118967096E-4	6.985241080798474E-4	3.347633856568137E-4	8.11742256146974E-4
111	consumer	2.063852304251702E-4	0.001073088581017565	5.174716864256308E-4	3.3954280721376997E-4	4.7567215203365065E-4	4.838774055461308E-4	2.9926329737271366E-4	3.507714958197609E-4	0.9958463021210284	4.0762522311718657E-4
112	consumer	7.146271125577655E-4	0.9887510391456886	0.0017917914781931327	0.0011756969983223273	0.0016470568937111763	0.0016754683096509143	0.0010362256332752397	0.0012145773256586334	5.820787185100347E-4	0.0014114383844321052
113	consumer	7.146271125577655E-4	0.9887510391456886	0.0017917914781931327	0.0011756969983223273	0.0016470568937111763	0.0016754683096509143	0.0010362256332752397	0.0012145773256586334	5.820787185100347E-4	0.0014114383844321052
114	consumer	4.7880646141419437E-4	0.9924630971221313	0.0012005160764123877	7.877273469896513E-4	0.0011035426296703184	0.0011225785286599096	6.942803036389063E-4	8.137775088480393E-4	3.899978696257066E-4	9.456761526095556E-4
115	favorite	0.991804583511119	0.0021369417209747403	0.0010304897989851856	6.761633695737847E-4	9.472504741618429E-4	9.63590363405065E-4	5.959510118967096E-4	6.985241080798474E-4	3.347633856568137E-4	8.11742256146974E-4
116	favorite	4.109942247920653E-4	0.9935305310073017	0.0010304897989851856	6.761633695737847E-4	9.472504741618429E-4	9.63590363405065E-4	5.959510118967096E-4	6.985241080798474E-4	3.347633856568137E-4	8.11742256146974E-4
117	instance	9.481067958672746E-4	0.004929628802092052	0.0023771973486587505	0.0015598153140321145	0.9823313773389617	0.002222869609515245	0.0013747765060910847	0.001611398443086872	7.722528001685195E-4	0.0018725770415264442
118	instance	9.481067958672746E-4	0.004929628802092052	0.0023771973486587505	0.0015598153140321145	0.002185175746437107	0.002222869609515245	0.0013747765060910847	0.9817576000356114	7.722528001685195E-4	0.0018725770415264442
119	instance	9.481067958672746E-4	0.004929628802092052	0.0023771973486587505	0.0015598153140321145	0.002185175746437107	0.002222869609515245	0.0013747765060910847	0.9817576000356114	7.722528001685195E-4	0.0018725770415264442
120	instance	7.146271125577655E-4	0.9887510391456886	0.0017917914781931327	0.0011756969983223273	0.0016470568937111763	0.0016754683096509143	0.0010362256332752397	0.0012145773256586334	5.820787185100347E-4	0.0014114383844321052
121	instance	7.146271125577655E-4	0.003715664113132043	0.0017917914781931327	0.0011756969983223273	0.49416474440998953	0.0016754683096509143	0.0010362256332752397	0.0012145773256586334	5.820787185100347E-4	0.4939291259007104
122	instance	7.146271125577655E-4	0.003715664113132043	0.0017917914781931327	0.9862110720308789	0.0016470568937111763	0.0016754683096509143	0.0010362256332752397	0.0012145773256586334	5.820787185100347E-4	0.0014114383844321052
123	instance	4.109942247920653E-4	0.9935305310073017	0.0010304897989851856	6.761633695737847E-4	9.472504741618429E-4	9.63590363405065E-4	5.959510118967096E-4	6.985241080798474E-4	3.347633856568137E-4	8.11742256146974E-4
124	instance	9.481067958672746E-4	0.004929628802092052	0.0023771973486587505	0.0015598153140321145	0.002185175746437107	0.002222869609515245	0.0013747765060910847	0.9817576000356114	7.722528001685195E-4	0.0018725770415264442
125	instance	9.481067958672746E-4	0.004929628802092052	0.0023771973486587505	0.0015598153140321145	0.002185175746437107	0.002222869609515245	0.0013747765060910847	0.9817576000356114	7.722528001685195E-4	0.0018725770415264442
126	instance	7.146271125577655E-4	0.9887510391456886	0.0017917914781931327	0.0011756969983223273	0.0016470568937111763	0.0016754683096509143	0.0010362256332752397	0.0012145773256586334	5.820787185100347E-4	0.0014114383844321052
127	instance	7.146271125577655E-4	0.003715664113132043	0.0017917914781931327	0.0011756969983223273	0.9866824319262677	0.0016754683096509143	0.0010362256332752397	0.0012145773256586334	5.820787185100347E-4	0.0014114383844321052
128	instance	7.146271125577655E-4	0.003715664113132043	0.0017917914781931327	0.9862110720308789	0.0016470568937111763	0.0016754683096509143	0.0010362256332752397	0.0012145773256586334	5.820787185100347E-4	0.0014114383844321052
129	instance	7.146271125577655E-4	0.7424921953875495	0.0017917914781931327	0.0011756969983223273	0.0016470568937111763	0.24793431206779004	0.0010362256332752397	0.0012145773256586334	5.820787185100347E-4	0.0014114383844321052
130	instance	7.146271125577655E-4	0.003715664113132043	0.0017917914781931327	0.0011756969983223273	0.9866824319262677	0.0016754683096509143	0.0010362256332752397	0.0012145773256586334	5.820787185100347E-4	0.0014114383844321052
131	instance	7.146271125577655E-4	0.7424921953875495	0.0017917914781931327	0.2474345407564615	0.0016470568937111763	0.0016754683096509143	0.0010362256332752397	0.0012145773256586334	5.820787185100347E-4	0.0014114383844321052
132	instance	7.146271125577655E-4	0.003715664113132043	0.0017917914781931327	0.0011756969983223273	0.9866824319262677	0.0016754683096509143	0.0010362256332752397	0.0012145773256586334	5.820787185100347E-4	0.0014114383844321052
133	item	4.7880646141419437E-4	0.002489527691504505	0.0012005160764123877	0.9907612967776164	0.0011035426296703184	0.0011225785286599096	6.942803036389063E-4	8.137775088480393E-4	3.899978696257066E-4	9.456761526095556E-4
134	namespace	3.6000724296716627E-4	0.0018718377313911105	9.026496458098363E-4	5.922801241277852E-4	8.297367968488537E-4	8.44049597666961E-4	0.992983299184812	6.118668417376255E-4	2.932334233592628E-4	7.110394112794873E-4
135	namespace	4.7880646141419437E-4	0.002489527691504505	0.0012005160764123877	0.825765701872512	0.1660991375347748	0.0011225785286599096	6.942803036389063E-4	8.137775088480393E-4	3.899978696257066E-4	9.456761526095556E-4
136	namespace	7.146271125577655E-4	0.003715664113132043	0.0017917914781931327	0.0011756969983223273	0.0016470568937111763	0.0016754683096509143	0.0010362256332752397	0.9862499523582153	5.820787185100347E-4	0.0014114383844321052
137	namespace	7.146271125577655E-4	0.003715664113132043	0.0017917914781931327	0.0011756969983223273	0.0016470568937111763	0.0016754683096509143	0.0010362256332752397	0.9862499523582153	5.820787185100347E-4	0.0014114383844321052
138	permission	0.9857500021451143	0.003715664113132043	0.0017917914781931327	0.0011756969983223273	0.0016470568937111763	0.0016754683096509143	0.0010362256332752397	0.0012145773256586334	5.820787185100347E-4	0.0014114383844321052
139	permission	0.9857500021451143	0.003715664113132043	0.0017917914781931327	0.0011756969983223273	0.0016470568937111763	0.0016754683096509143	0.0010362256332752397	0.0012145773256586334	5.820787185100347E-4	0.0014114383844321052
140	permission	0.9857500021451143	0.003715664113132043	0.0017917914781931327	0.0011756969983223273	0.0016470568937111763	0.0016754683096509143	0.0010362256332752397	0.0012145773256586334	5.820787185100347E-4	0.0014114383844321052
141	release	3.6000724296716627E-4	0.0018718377313911105	9.026496458098363E-4	5.922801241277852E-4	8.297367968488537E-4	8.44049597666961E-4	5.22018723851833E-4	0.9930731473026978	2.932334233592628E-4	7.110394112794873E-4
142	release	3.2027471166266684E-4	0.0016652506342914463	8.030278853876284E-4	5.269125821333975E-4	7.38162130229441E-4	7.508952855885475E-4	4.644056460814243E-4	0.9938376357873429	2.608704462226888E-4	6.325648910599825E-4
143	release	3.6000724296716627E-4	0.0018718377313911105	9.026496458098363E-4	5.922801241277852E-4	8.297367968488537E-4	8.44049597666961E-4	5.22018723851833E-4	0.9930731473026978	2.932334233592628E-4	7.110394112794873E-4
144	release	3.2027471166266684E-4	0.0016652506342914463	8.030278853876284E-4	5.269125821333975E-4	7.38162130229441E-4	7.508952855885475E-4	4.644056460814243E-4	0.9938376357873429	2.608704462226888E-4	6.325648910599825E-4
145	release	7.146271125577655E-4	0.003715664113132043	0.0017917914781931327	0.0011756969983223273	0.9866824319262677	0.0016754683096509143	0.0010362256332752397	0.0012145773256586334	5.820787185100347E-4	0.0014114383844321052
146	release	7.146271125577655E-4	0.003715664113132043	0.0017917914781931327	0.0011756969983223273	0.9866824319262677	0.0016754683096509143	0.0010362256332752397	0.0012145773256586334	5.820787185100347E-4	0.0014114383844321052
147	release	5.734178867712435E-4	0.0029814545603763353	0.0014377362192190507	9.43381067432966E-4	0.0013216009675360988	0.0013443983310870464	8.314690310645768E-4	0.9889669407678418	4.670608529081767E-4	0.0011325403157628642
148	release	5.734178867712435E-4	0.0029814545603763353	0.0014377362192190507	9.43381067432966E-4	0.0013216009675360988	0.0013443983310870464	8.314690310645768E-4	0.9889669407678418	4.670608529081767E-4	0.0011325403157628642
149	sign	3.6000724296716627E-4	0.9943331181923513	9.026496458098363E-4	5.922801241277852E-4	8.297367968488537E-4	8.44049597666961E-4	5.22018723851833E-4	6.118668417376255E-4	2.932334233592628E-4	7.110394112794873E-4
150	sign	3.6000724296716627E-4	0.9943331181923513	9.026496458098363E-4	5.922801241277852E-4	8.297367968488537E-4	8.44049597666961E-4	5.22018723851833E-4	6.118668417376255E-4	2.932334233592628E-4	7.110394112794873E-4
151	system	5.734178867712435E-4	0.9909738166267372	0.0014377362192190507	9.43381067432966E-4	0.0013216009675360988	0.0013443983310870464	8.314690310645768E-4	9.7457870148069E-4	4.670608529081767E-4	0.0011325403157628642
152	user	4.7880646141419437E-4	0.002489527691504505	0.0012005160764123877	7.877273469896513E-4	0.0011035426296703184	0.9910961479592867	6.942803036389063E-4	8.137775088480393E-4	3.899978696257066E-4	9.456761526095556E-4
153	user	5.734178867712435E-4	0.0029814545603763353	0.0014377362192190507	9.43381067432966E-4	0.989313963033897	0.0013443983310870464	8.314690310645768E-4	9.7457870148069E-4	4.670608529081767E-4	0.0011325403157628642
154	user	5.734178867712435E-4	0.0029814545603763353	0.0014377362192190507	9.43381067432966E-4	0.0013216009675360988	0.9893367603974479	8.314690310645768E-4	9.7457870148069E-4	4.670608529081767E-4	0.0011325403157628642
155	address	3.6000724296716627E-4	0.9943331181923513	9.026496458098363E-4	5.922801241277852E-4	8.297367968488537E-4	8.44049597666961E-4	5.22018723851833E-4	6.118668417376255E-4	2.932334233592628E-4	7.110394112794873E-4
156	address	3.6000724296716627E-4	0.9943331181923513	9.026496458098363E-4	5.922801241277852E-4	8.297367968488537E-4	8.44049597666961E-4	5.22018723851833E-4	6.118668417376255E-4	2.932334233592628E-4	7.110394112794873E-4
157	address	5.734178867712435E-4	0.0029814545603763353	0.0014377362192190507	9.43381067432966E-4	0.989313963033897	0.0013443983310870464	8.314690310645768E-4	9.7457870148069E-4	4.670608529081767E-4	0.0011325403157628642
158	address	3.6000724296716627E-4	0.9943331181923513	9.026496458098363E-4	5.922801241277852E-4	8.297367968488537E-4	8.44049597666961E-4	5.22018723851833E-4	6.118668417376255E-4	2.932334233592628E-4	7.110394112794873E-4
159	address	3.6000724296716627E-4	0.0018718377313911105	9.026496458098363E-4	5.922801241277852E-4	0.4970603770273289	8.44049597666961E-4	5.22018723851833E-4	6.118668417376255E-4	2.932334233592628E-4	0.4969416796417596
160	address	5.734178867712435E-4	0.0029814545603763353	0.0014377362192190507	9.43381067432966E-4	0.5941170182073527	0.39654134315763145	8.314690310645768E-4	9.7457870148069E-4	4.670608529081767E-4	0.0011325403157628642
161	capacity	4.7880646141419437E-4	0.9924630971221313	0.0012005160764123877	7.877273469896513E-4	0.0011035426296703184	0.0011225785286599096	6.942803036389063E-4	8.137775088480393E-4	3.899978696257066E-4	9.456761526095556E-4
162	capacity	4.7880646141419437E-4	0.002489527691504505	0.0012005160764123877	7.877273469896513E-4	0.0011035426296703184	0.0011225785286599096	6.942803036389063E-4	8.137775088480393E-4	3.899978696257066E-4	0.9909192455832364
163	capacity	4.7880646141419437E-4	0.9924630971221313	0.0012005160764123877	7.877273469896513E-4	0.0011035426296703184	0.0011225785286599096	6.942803036389063E-4	8.137775088480393E-4	3.899978696257066E-4	9.456761526095556E-4
164	capacity	4.7880646141419437E-4	0.002489527691504505	0.0012005160764123877	7.877273469896513E-4	0.0011035426296703184	0.0011225785286599096	6.942803036389063E-4	8.137775088480393E-4	3.899978696257066E-4	0.9909192455832364
165	capacity	4.7880646141419437E-4	0.9924630971221313	0.0012005160764123877	7.877273469896513E-4	0.0011035426296703184	0.0011225785286599096	6.942803036389063E-4	8.137775088480393E-4	3.899978696257066E-4	9.456761526095556E-4
166	capacity	4.109942247920653E-4	0.9935305310073017	0.0010304897989851856	6.761633695737847E-4	9.472504741618429E-4	9.63590363405065E-4	5.959510118967096E-4	6.985241080798474E-4	3.347633856568137E-4	8.11742256146974E-4
167	capacity	3.6000724296716627E-4	0.9943331181923513	9.026496458098363E-4	5.922801241277852E-4	8.297367968488537E-4	8.44049597666961E-4	5.22018723851833E-4	6.118668417376255E-4	2.932334233592628E-4	7.110394112794873E-4
168	capacity	3.6000724296716627E-4	0.9943331181923513	9.026496458098363E-4	5.922801241277852E-4	8.297367968488537E-4	8.44049597666961E-4	5.22018723851833E-4	6.118668417376255E-4	2.932334233592628E-4	7.110394112794873E-4
169	communication	5.734178867712435E-4	0.0029814545603763353	0.0014377362192190507	9.43381067432966E-4	0.0013216009675360988	0.0013443983310870464	0.9888238310974256	9.7457870148069E-4	4.670608529081767E-4	0.0011325403157628642
170	communication	5.734178867712435E-4	0.0029814545603763353	0.9894300982855799	9.43381067432966E-4	0.0013216009675360988	0.0013443983310870464	8.314690310645768E-4	9.7457870148069E-4	4.670608529081767E-4	0.0011325403157628642
171	communication	2.8844068906543535E-4	0.0014997313959885384	7.23210132318938E-4	4.745395834682162E-4	6.64791773225124E-4	6.76259303979242E-4	4.182455863162022E-4	4.90232618634255E-4	2.349409695028727E-4	0.9945296079475012
172	communication	0.2836663054494569	0.5686475641703044	0.0010304897989851856	6.761633695737847E-4	9.472504741618429E-4	9.63590363405065E-4	5.959510118967096E-4	6.985241080798474E-4	3.347633856568137E-4	0.1424393978684794
173	communication	5.734178867712435E-4	0.0029814545603763353	0.0014377362192190507	9.43381067432966E-4	0.0013216009675360988	0.0013443983310870464	0.9888238310974256	9.7457870148069E-4	4.670608529081767E-4	0.0011325403157628642
174	communication	5.734178867712435E-4	0.0029814545603763353	0.9894300982855799	9.43381067432966E-4	0.0013216009675360988	0.0013443983310870464	8.314690310645768E-4	9.7457870148069E-4	4.670608529081767E-4	0.0011325403157628642
175	communication	4.109942247920653E-4	0.0021369417209747403	0.0010304897989851856	6.761633695737847E-4	9.472504741618429E-4	9.63590363405065E-4	5.959510118967096E-4	6.985241080798474E-4	3.347633856568137E-4	0.9922053315424739
176	communication	9.481067958672746E-4	0.004929628802092052	0.9825233989411832	0.0015598153140321145	0.002185175746437107	0.002222869609515245	0.0013747765060910847	0.001611398443086872	7.722528001685195E-4	0.0018725770415264442
177	config	5.734178867712435E-4	0.0029814545603763353	0.0014377362192190507	9.43381067432966E-4	0.0013216009675360988	0.0013443983310870464	0.9888238310974256	9.7457870148069E-4	4.670608529081767E-4	0.0011325403157628642
178	config	5.734178867712435E-4	0.0029814545603763353	0.9894300982855799	9.43381067432966E-4	0.0013216009675360988	0.0013443983310870464	8.314690310645768E-4	9.7457870148069E-4	4.670608529081767E-4	0.0011325403157628642
179	config	2.8844068906543535E-4	0.0014997313959885384	7.23210132318938E-4	4.745395834682162E-4	6.64791773225124E-4	6.76259303979242E-4	4.182455863162022E-4	4.90232618634255E-4	2.349409695028727E-4	0.9945296079475012
180	config	5.734178867712435E-4	0.0029814545603763353	0.0014377362192190507	9.43381067432966E-4	0.0013216009675360988	0.9893367603974479	8.314690310645768E-4	9.7457870148069E-4	4.670608529081767E-4	0.0011325403157628642
181	config	4.109942247920653E-4	0.9935305310073017	0.0010304897989851856	6.761633695737847E-4	9.472504741618429E-4	9.63590363405065E-4	5.959510118967096E-4	6.985241080798474E-4	3.347633856568137E-4	8.11742256146974E-4
182	config	4.109942247920653E-4	0.9935305310073017	0.0010304897989851856	6.761633695737847E-4	9.472504741618429E-4	9.63590363405065E-4	5.959510118967096E-4	6.985241080798474E-4	3.347633856568137E-4	8.11742256146974E-4
183	config	0.9936135729054106	0.0016652506342914463	8.030278853876284E-4	5.269125821333975E-4	7.38162130229441E-4	7.508952855885475E-4	4.644056460814243E-4	5.443375935948524E-4	2.608704462226888E-4	6.325648910599825E-4
184	config	3.2027471166266684E-4	0.9949585488280395	8.030278853876284E-4	5.269125821333975E-4	7.38162130229441E-4	7.508952855885475E-4	4.644056460814243E-4	5.443375935948524E-4	2.608704462226888E-4	6.325648910599825E-4
185	config	4.109942247920653E-4	0.0021369417209747403	0.0010304897989851856	6.761633695737847E-4	9.472504741618429E-4	9.63590363405065E-4	5.959510118967096E-4	6.985241080798474E-4	3.347633856568137E-4	0.9922053315424739
186	config	5.734178867712435E-4	0.9909738166267372	0.0014377362192190507	9.43381067432966E-4	0.0013216009675360988	0.0013443983310870464	8.314690310645768E-4	9.7457870148069E-4	4.670608529081767E-4	0.0011325403157628642
187	config	4.109942247920653E-4	0.0021369417209747403	0.0010304897989851856	6.761633695737847E-4	9.472504741618429E-4	9.63590363405065E-4	5.959510118967096E-4	6.985241080798474E-4	0.9917283526719838	8.11742256146974E-4
188	config	4.109942247920653E-4	0.9935305310073017	0.0010304897989851856	6.761633695737847E-4	9.472504741618429E-4	9.63590363405065E-4	5.959510118967096E-4	6.985241080798474E-4	3.347633856568137E-4	8.11742256146974E-4
189	config	4.109942247920653E-4	0.0021369417209747403	0.0010304897989851856	6.761633695737847E-4	9.472504741618429E-4	9.63590363405065E-4	5.959510118967096E-4	6.985241080798474E-4	3.347633856568137E-4	0.9922053315424739
190	config	5.734178867712435E-4	0.0029814545603763353	0.0014377362192190507	9.43381067432966E-4	0.0013216009675360988	0.0013443983310870464	0.9888238310974256	9.7457870148069E-4	4.670608529081767E-4	0.0011325403157628642
191	config	5.734178867712435E-4	0.0029814545603763353	0.9894300982855799	9.43381067432966E-4	0.0013216009675360988	0.0013443983310870464	8.314690310645768E-4	9.7457870148069E-4	4.670608529081767E-4	0.0011325403157628642
192	config	2.8844068906543535E-4	0.0014997313959885384	7.23210132318938E-4	4.745395834682162E-4	6.64791773225124E-4	6.76259303979242E-4	4.182455863162022E-4	4.90232618634255E-4	2.349409695028727E-4	0.9945296079475012
193	config	4.109942247920653E-4	0.9935305310073017	0.0010304897989851856	6.761633695737847E-4	9.472504741618429E-4	9.63590363405065E-4	5.959510118967096E-4	6.985241080798474E-4	3.347633856568137E-4	8.11742256146974E-4
194	config	5.734178867712435E-4	0.0029814545603763353	0.0014377362192190507	9.43381067432966E-4	0.0013216009675360988	0.0013443983310870464	0.9888238310974256	9.7457870148069E-4	4.670608529081767E-4	0.0011325403157628642
195	config	5.734178867712435E-4	0.0029814545603763353	0.9894300982855799	9.43381067432966E-4	0.0013216009675360988	0.0013443983310870464	8.314690310645768E-4	9.7457870148069E-4	4.670608529081767E-4	0.0011325403157628642
196	config	2.8844068906543535E-4	0.0014997313959885384	7.23210132318938E-4	4.745395834682162E-4	6.64791773225124E-4	6.76259303979242E-4	4.182455863162022E-4	4.90232618634255E-4	2.349409695028727E-4	0.9945296079475012
197	config	5.734178867712435E-4	0.0029814545603763353	0.0014377362192190507	9.43381067432966E-4	0.0013216009675360988	0.0013443983310870464	0.9888238310974256	9.7457870148069E-4	4.670608529081767E-4	0.0011325403157628642
198	config	5.734178867712435E-4	0.0029814545603763353	0.9894300982855799	9.43381067432966E-4	0.0013216009675360988	0.0013443983310870464	8.314690310645768E-4	9.7457870148069E-4	4.670608529081767E-4	0.0011325403157628642
199	config	2.8844068906543535E-4	0.0014997313959885384	7.23210132318938E-4	4.745395834682162E-4	6.64791773225124E-4	6.76259303979242E-4	4.182455863162022E-4	4.90232618634255E-4	2.349409695028727E-4	0.9945296079475012
200	config	4.109942247920653E-4	0.9935305310073017	0.0010304897989851856	6.761633695737847E-4	9.472504741618429E-4	9.63590363405065E-4	5.959510118967096E-4	6.985241080798474E-4	3.347633856568137E-4	8.11742256146974E-4
201	config	9.481067958672746E-4	0.004929628802092052	0.0023771973486587505	0.0015598153140321145	0.002185175746437107	0.002222869609515245	0.9815209780986156	0.001611398443086872	7.722528001685195E-4	0.0018725770415264442
202	config	5.734178867712435E-4	0.0029814545603763353	0.0014377362192190507	9.43381067432966E-4	0.0013216009675360988	0.0013443983310870464	0.9888238310974256	9.7457870148069E-4	4.670608529081767E-4	0.0011325403157628642
203	config	5.734178867712435E-4	0.0029814545603763353	0.9894300982855799	9.43381067432966E-4	0.0013216009675360988	0.0013443983310870464	8.314690310645768E-4	9.7457870148069E-4	4.670608529081767E-4	0.0011325403157628642
204	config	2.8844068906543535E-4	0.0014997313959885384	7.23210132318938E-4	4.745395834682162E-4	6.64791773225124E-4	6.76259303979242E-4	4.182455863162022E-4	4.90232618634255E-4	2.349409695028727E-4	0.9945296079475012
205	config	5.734178867712435E-4	0.0029814545603763353	0.0014377362192190507	9.43381067432966E-4	0.0013216009675360988	0.0013443983310870464	0.9888238310974256	9.7457870148069E-4	4.670608529081767E-4	0.0011325403157628642
206	config	5.734178867712435E-4	0.0029814545603763353	0.9894300982855799	9.43381067432966E-4	0.0013216009675360988	0.0013443983310870464	8.314690310645768E-4	9.7457870148069E-4	4.670608529081767E-4	0.0011325403157628642
207	config	4.109942247920653E-4	0.0021369417209747403	0.0010304897989851856	6.761633695737847E-4	9.472504741618429E-4	9.63590363405065E-4	5.959510118967096E-4	6.985241080798474E-4	3.347633856568137E-4	0.9922053315424739
208	config	3.6000724296716627E-4	0.0018718377313911105	9.026496458098363E-4	5.922801241277852E-4	8.297367968488537E-4	8.44049597666961E-4	5.22018723851833E-4	6.118668417376255E-4	0.9927545138843195	7.110394112794873E-4
209	config	5.734178867712435E-4	0.0029814545603763353	0.0014377362192190507	9.43381067432966E-4	0.0013216009675360988	0.0013443983310870464	0.9888238310974256	9.7457870148069E-4	4.670608529081767E-4	0.0011325403157628642
210	config	5.734178867712435E-4	0.0029814545603763353	0.9894300982855799	9.43381067432966E-4	0.0013216009675360988	0.0013443983310870464	8.314690310645768E-4	9.7457870148069E-4	4.670608529081767E-4	0.0011325403157628642
211	config	4.109942247920653E-4	0.9935305310073017	0.0010304897989851856	6.761633695737847E-4	9.472504741618429E-4	9.63590363405065E-4	5.959510118967096E-4	6.985241080798474E-4	3.347633856568137E-4	8.11742256146974E-4
212	config	2.8844068906543535E-4	0.0014997313959885384	7.23210132318938E-4	4.745395834682162E-4	6.64791773225124E-4	6.76259303979242E-4	4.182455863162022E-4	4.90232618634255E-4	2.349409695028727E-4	0.9945296079475012
213	config	3.2027471166266684E-4	0.9949585488280395	8.030278853876284E-4	5.269125821333975E-4	7.38162130229441E-4	7.508952855885475E-4	4.644056460814243E-4	5.443375935948524E-4	2.608704462226888E-4	6.325648910599825E-4
214	config	7.146271125577655E-4	0.003715664113132043	0.0017917914781931327	0.0011756969983223273	0.0016470568937111763	0.0016754683096509143	0.0010362256332752397	0.9862499523582153	5.820787185100347E-4	0.0014114383844321052
215	config	4.7880646141419437E-4	0.002489527691504505	0.0012005160764123877	7.877273469896513E-4	0.0011035426296703184	0.0011225785286599096	6.942803036389063E-4	0.9907873469394749	3.899978696257066E-4	9.456761526095556E-4
216	config	5.734178867712435E-4	0.0029814545603763353	0.0014377362192190507	9.43381067432966E-4	0.0013216009675360988	0.0013443983310870464	0.9888238310974256	9.7457870148069E-4	4.670608529081767E-4	0.0011325403157628642
217	config	5.734178867712435E-4	0.0029814545603763353	0.9894300982855799	9.43381067432966E-4	0.0013216009675360988	0.0013443983310870464	8.314690310645768E-4	9.7457870148069E-4	4.670608529081767E-4	0.0011325403157628642
218	config	4.109942247920653E-4	0.9935305310073017	0.0010304897989851856	6.761633695737847E-4	9.472504741618429E-4	9.63590363405065E-4	5.959510118967096E-4	6.985241080798474E-4	3.347633856568137E-4	8.11742256146974E-4
219	config	2.8844068906543535E-4	0.0014997313959885384	7.23210132318938E-4	4.745395834682162E-4	6.64791773225124E-4	6.76259303979242E-4	4.182455863162022E-4	4.90232618634255E-4	2.349409695028727E-4	0.9945296079475012
220	config	3.2027471166266684E-4	0.9949585488280395	8.030278853876284E-4	5.269125821333975E-4	7.38162130229441E-4	7.508952855885475E-4	4.644056460814243E-4	5.443375935948524E-4	2.608704462226888E-4	6.325648910599825E-4
221	config	7.146271125577655E-4	0.003715664113132043	0.0017917914781931327	0.0011756969983223273	0.0016470568937111763	0.0016754683096509143	0.0010362256332752397	0.9862499523582153	5.820787185100347E-4	0.0014114383844321052
222	config	4.7880646141419437E-4	0.002489527691504505	0.0012005160764123877	7.877273469896513E-4	0.0011035426296703184	0.0011225785286599096	6.942803036389063E-4	0.9907873469394749	3.899978696257066E-4	9.456761526095556E-4
223	config	5.734178867712435E-4	0.0029814545603763353	0.0014377362192190507	9.43381067432966E-4	0.0013216009675360988	0.0013443983310870464	0.9888238310974256	9.7457870148069E-4	4.670608529081767E-4	0.0011325403157628642
224	config	5.734178867712435E-4	0.0029814545603763353	0.9894300982855799	9.43381067432966E-4	0.0013216009675360988	0.0013443983310870464	8.314690310645768E-4	9.7457870148069E-4	4.670608529081767E-4	0.0011325403157628642
225	config	2.8844068906543535E-4	0.0014997313959885384	7.23210132318938E-4	4.745395834682162E-4	6.64791773225124E-4	6.76259303979242E-4	4.182455863162022E-4	4.90232618634255E-4	2.349409695028727E-4	0.9945296079475012
226	config	5.734178867712435E-4	0.0029814545603763353	0.0014377362192190507	9.43381067432966E-4	0.0013216009675360988	0.0013443983310870464	0.9888238310974256	9.7457870148069E-4	4.670608529081767E-4	0.0011325403157628642
227	config	5.734178867712435E-4	0.0029814545603763353	0.9894300982855799	9.43381067432966E-4	0.0013216009675360988	0.0013443983310870464	8.314690310645768E-4	9.7457870148069E-4	4.670608529081767E-4	0.0011325403157628642
228	config	2.8844068906543535E-4	0.0014997313959885384	7.23210132318938E-4	4.745395834682162E-4	6.64791773225124E-4	6.76259303979242E-4	4.182455863162022E-4	4.90232618634255E-4	2.349409695028727E-4	0.9945296079475012
229	config	4.109942247920653E-4	0.0021369417209747403	0.0010304897989851856	6.761633695737847E-4	9.472504741618429E-4	9.63590363405065E-4	0.9919895402982237	6.985241080798474E-4	3.347633856568137E-4	8.11742256146974E-4
230	config	4.109942247920653E-4	0.9935305310073017	0.0010304897989851856	6.761633695737847E-4	9.472504741618429E-4	9.63590363405065E-4	5.959510118967096E-4	6.985241080798474E-4	3.347633856568137E-4	8.11742256146974E-4
231	config	4.109942247920653E-4	0.9935305310073017	0.0010304897989851856	6.761633695737847E-4	9.472504741618429E-4	9.63590363405065E-4	5.959510118967096E-4	6.985241080798474E-4	3.347633856568137E-4	8.11742256146974E-4
232	config	2.8844068906543535E-4	0.0014997313959885384	7.23210132318938E-4	4.745395834682162E-4	6.64791773225124E-4	6.76259303979242E-4	4.182455863162022E-4	4.90232618634255E-4	2.349409695028727E-4	0.9945296079475012
233	config	5.734178867712435E-4	0.0029814545603763353	0.0014377362192190507	9.43381067432966E-4	0.0013216009675360988	0.0013443983310870464	8.314690310645768E-4	9.7457870148069E-4	0.988459422919269	0.0011325403157628642
234	config	0.9936135729054106	0.0016652506342914463	8.030278853876284E-4	5.269125821333975E-4	7.38162130229441E-4	7.508952855885475E-4	4.644056460814243E-4	5.443375935948524E-4	2.608704462226888E-4	6.325648910599825E-4
235	config	4.109942247920653E-4	0.0021369417209747403	0.0010304897989851856	0.5671867858189035	9.472504741618429E-4	9.63590363405065E-4	5.959510118967096E-4	6.985241080798474E-4	3.347633856568137E-4	0.4256947090931443
236	config	0.991804583511119	0.0021369417209747403	0.0010304897989851856	6.761633695737847E-4	9.472504741618429E-4	9.63590363405065E-4	5.959510118967096E-4	6.985241080798474E-4	3.347633856568137E-4	8.11742256146974E-4
237	config	0.9936135729054106	0.0016652506342914463	8.030278853876284E-4	5.269125821333975E-4	7.38162130229441E-4	7.508952855885475E-4	4.644056460814243E-4	5.443375935948524E-4	2.608704462226888E-4	6.325648910599825E-4
238	config	4.109942247920653E-4	0.0021369417209747403	0.0010304897989851856	6.761633695737847E-4	9.472504741618429E-4	9.63590363405065E-4	5.959510118967096E-4	6.985241080798474E-4	3.347633856568137E-4	0.9922053315424739
239	config	0.991804583511119	0.0021369417209747403	0.0010304897989851856	6.761633695737847E-4	9.472504741618429E-4	9.63590363405065E-4	5.959510118967096E-4	6.985241080798474E-4	3.347633856568137E-4	8.11742256146974E-4
240	config	5.734178867712435E-4	0.0029814545603763353	0.0014377362192190507	9.43381067432966E-4	0.0013216009675360988	0.9893367603974479	8.314690310645768E-4	9.7457870148069E-4	4.670608529081767E-4	0.0011325403157628642
241	config	4.7880646141419437E-4	0.002489527691504505	0.0012005160764123877	7.877273469896513E-4	0.0011035426296703184	0.9910961479592867	6.942803036389063E-4	8.137775088480393E-4	3.899978696257066E-4	9.456761526095556E-4
242	config	4.7880646141419437E-4	0.002489527691504505	0.0012005160764123877	7.877273469896513E-4	0.0011035426296703184	0.9910961479592867	6.942803036389063E-4	8.137775088480393E-4	3.899978696257066E-4	9.456761526095556E-4
243	config	3.6000724296716627E-4	0.0018718377313911105	9.026496458098363E-4	5.922801241277852E-4	0.993291017257809	8.44049597666961E-4	5.22018723851833E-4	6.118668417376255E-4	2.932334233592628E-4	7.110394112794873E-4
244	history	5.734178867712435E-4	0.0029814545603763353	0.0014377362192190507	9.43381067432966E-4	0.0013216009675360988	0.0013443983310870464	0.9888238310974256	9.7457870148069E-4	4.670608529081767E-4	0.0011325403157628642
245	history	5.734178867712435E-4	0.0029814545603763353	0.9894300982855799	9.43381067432966E-4	0.0013216009675360988	0.0013443983310870464	8.314690310645768E-4	9.7457870148069E-4	4.670608529081767E-4	0.0011325403157628642
246	history	2.8844068906543535E-4	0.0014997313959885384	7.23210132318938E-4	4.745395834682162E-4	6.64791773225124E-4	6.76259303979242E-4	4.182455863162022E-4	4.90232618634255E-4	2.349409695028727E-4	0.9945296079475012
247	history	4.109942247920653E-4	0.9935305310073017	0.0010304897989851856	6.761633695737847E-4	9.472504741618429E-4	9.63590363405065E-4	5.959510118967096E-4	6.985241080798474E-4	3.347633856568137E-4	8.11742256146974E-4
248	history	4.109942247920653E-4	0.5686475641703044	0.0010304897989851856	6.761633695737847E-4	9.472504741618429E-4	9.63590363405065E-4	5.959510118967096E-4	0.42558149094507713	3.347633856568137E-4	8.11742256146974E-4
249	history	3.2027471166266684E-4	0.5534948607419292	8.030278853876284E-4	5.269125821333975E-4	7.38162130229441E-4	7.508952855885475E-4	4.644056460814243E-4	0.44200802567970515	2.608704462226888E-4	6.325648910599825E-4
250	history	7.146271125577655E-4	0.003715664113132043	0.0017917914781931327	0.0011756969983223273	0.0016470568937111763	0.0016754683096509143	0.9860716006658319	0.0012145773256586334	5.820787185100347E-4	0.0014114383844321052
251	listener	9.481067958672746E-4	0.33164502933293355	0.0023771973486587505	0.6549906163757152	0.002185175746437107	0.002222869609515245	0.0013747765060910847	0.001611398443086872	7.722528001685195E-4	0.0018725770415264442
252	listener	7.146271125577655E-4	0.9887510391456886	0.0017917914781931327	0.0011756969983223273	0.0016470568937111763	0.0016754683096509143	0.0010362256332752397	0.0012145773256586334	5.820787185100347E-4	0.0014114383844321052
253	listener	4.109942247920653E-4	0.0021369417209747403	0.0010304897989851856	6.761633695737847E-4	9.472504741618429E-4	9.63590363405065E-4	5.959510118967096E-4	6.985241080798474E-4	3.347633856568137E-4	0.9922053315424739
254	listener	3.6000724296716627E-4	0.0018718377313911105	9.026496458098363E-4	5.922801241277852E-4	8.297367968488537E-4	8.44049597666961E-4	5.22018723851833E-4	6.118668417376255E-4	0.9927545138843195	7.110394112794873E-4
255	namespace	5.734178867712435E-4	0.0029814545603763353	0.0014377362192190507	0.9889357431337938	0.0013216009675360988	0.0013443983310870464	8.314690310645768E-4	9.7457870148069E-4	4.670608529081767E-4	0.0011325403157628642
256	namespace	4.7880646141419437E-4	0.002489527691504505	0.0012005160764123877	0.9907612967776164	0.0011035426296703184	0.0011225785286599096	6.942803036389063E-4	8.137775088480393E-4	3.899978696257066E-4	9.456761526095556E-4
257	namespace	5.734178867712435E-4	0.0029814545603763353	0.0014377362192190507	0.9889357431337938	0.0013216009675360988	0.0013443983310870464	8.314690310645768E-4	9.7457870148069E-4	4.670608529081767E-4	0.0011325403157628642
258	namespace	3.2027471166266684E-4	0.0016652506342914463	8.030278853876284E-4	5.269125821333975E-4	7.38162130229441E-4	7.508952855885475E-4	4.644056460814243E-4	5.443375935948524E-4	2.608704462226888E-4	0.9939258630848079
259	namespace	4.7880646141419437E-4	0.002489527691504505	0.0012005160764123877	0.9907612967776164	0.0011035426296703184	0.0011225785286599096	6.942803036389063E-4	8.137775088480393E-4	3.899978696257066E-4	9.456761526095556E-4
260	namespace	5.734178867712435E-4	0.0029814545603763353	0.0014377362192190507	0.9889357431337938	0.0013216009675360988	0.0013443983310870464	8.314690310645768E-4	9.7457870148069E-4	4.670608529081767E-4	0.0011325403157628642
261	namespace	4.109942247920653E-4	0.0021369417209747403	0.0010304897989851856	0.9920697526559007	9.472504741618429E-4	9.63590363405065E-4	5.959510118967096E-4	6.985241080798474E-4	3.347633856568137E-4	8.11742256146974E-4
262	namespace	3.2027471166266684E-4	0.11203117265581901	8.030278853876284E-4	0.2212587566251885	7.38162130229441E-4	7.508952855885475E-4	4.644056460814243E-4	5.443375935948524E-4	2.608704462226888E-4	0.6628280970202254
263	namespace	5.734178867712435E-4	0.0029814545603763353	0.0014377362192190507	0.9889357431337938	0.0013216009675360988	0.0013443983310870464	8.314690310645768E-4	9.7457870148069E-4	4.670608529081767E-4	0.0011325403157628642
264	permission	9.481067958672746E-4	0.004929628802092052	0.0023771973486587505	0.0015598153140321145	0.002185175746437107	0.002222869609515245	0.0013747765060910847	0.9817576000356114	7.722528001685195E-4	0.0018725770415264442
265	permission	7.146271125577655E-4	0.003715664113132043	0.0017917914781931327	0.0011756969983223273	0.0016470568937111763	0.0016754683096509143	0.0010362256332752397	0.9862499523582153	5.820787185100347E-4	0.0014114383844321052
266	permission	3.6000724296716627E-4	0.0018718377313911105	0.99336393010677	5.922801241277852E-4	8.297367968488537E-4	8.44049597666961E-4	5.22018723851833E-4	6.118668417376255E-4	2.932334233592628E-4	7.110394112794873E-4
267	permission	7.146271125577655E-4	0.003715664113132043	0.9868271665107498	0.0011756969983223273	0.0016470568937111763	0.0016754683096509143	0.0010362256332752397	0.0012145773256586334	5.820787185100347E-4	0.0014114383844321052
268	permission	7.146271125577655E-4	0.003715664113132043	0.9868271665107498	0.0011756969983223273	0.0016470568937111763	0.0016754683096509143	0.0010362256332752397	0.0012145773256586334	5.820787185100347E-4	0.0014114383844321052
269	permission	7.146271125577655E-4	0.003715664113132043	0.0017917914781931327	0.0011756969983223273	0.0016470568937111763	0.9867108433422075	0.0010362256332752397	0.0012145773256586334	5.820787185100347E-4	0.0014114383844321052
270	permission	7.146271125577655E-4	0.003715664113132043	0.9868271665107498	0.0011756969983223273	0.0016470568937111763	0.0016754683096509143	0.0010362256332752397	0.0012145773256586334	5.820787185100347E-4	0.0014114383844321052
271	permission	7.146271125577655E-4	0.003715664113132043	0.9868271665107498	0.0011756969983223273	0.0016470568937111763	0.0016754683096509143	0.0010362256332752397	0.0012145773256586334	5.820787185100347E-4	0.0014114383844321052
272	permission	7.146271125577655E-4	0.4962333516294103	0.0017917914781931327	0.0011756969983223273	0.0016470568937111763	0.49419315582592926	0.0010362256332752397	0.0012145773256586334	5.820787185100347E-4	0.0014114383844321052
273	role	9.481067958672746E-4	0.004929628802092052	0.0023771973486587505	0.0015598153140321145	0.002185175746437107	0.002222869609515245	0.0013747765060910847	0.9817576000356114	7.722528001685195E-4	0.0018725770415264442
274	role	7.146271125577655E-4	0.003715664113132043	0.0017917914781931327	0.0011756969983223273	0.0016470568937111763	0.0016754683096509143	0.0010362256332752397	0.9862499523582153	5.820787185100347E-4	0.0014114383844321052
275	role	5.734178867712435E-4	0.0029814545603763353	0.9894300982855799	9.43381067432966E-4	0.0013216009675360988	0.0013443983310870464	8.314690310645768E-4	9.7457870148069E-4	4.670608529081767E-4	0.0011325403157628642
276	role	7.146271125577655E-4	0.003715664113132043	0.9868271665107498	0.0011756969983223273	0.0016470568937111763	0.0016754683096509143	0.0010362256332752397	0.0012145773256586334	5.820787185100347E-4	0.0014114383844321052
277	role	7.146271125577655E-4	0.003715664113132043	0.9868271665107498	0.0011756969983223273	0.0016470568937111763	0.0016754683096509143	0.0010362256332752397	0.0012145773256586334	5.820787185100347E-4	0.0014114383844321052
278	role	7.146271125577655E-4	0.003715664113132043	0.7405683227526105	0.0011756969983223273	0.0016470568937111763	0.24793431206779004	0.0010362256332752397	0.0012145773256586334	5.820787185100347E-4	0.0014114383844321052
279	role	3.6000724296716627E-4	0.0018718377313911105	0.99336393010677	5.922801241277852E-4	8.297367968488537E-4	8.44049597666961E-4	5.22018723851833E-4	6.118668417376255E-4	2.932334233592628E-4	7.110394112794873E-4
280	user	7.146271125577655E-4	0.003715664113132043	0.9868271665107498	0.0011756969983223273	0.0016470568937111763	0.0016754683096509143	0.0010362256332752397	0.0012145773256586334	5.820787185100347E-4	0.0014114383844321052
281	user	7.146271125577655E-4	0.003715664113132043	0.0017917914781931327	0.0011756969983223273	0.0016470568937111763	0.9867108433422075	0.0010362256332752397	0.0012145773256586334	5.820787185100347E-4	0.0014114383844321052
282	user	7.146271125577655E-4	0.003715664113132043	0.9868271665107498	0.0011756969983223273	0.0016470568937111763	0.0016754683096509143	0.0010362256332752397	0.0012145773256586334	5.820787185100347E-4	0.0014114383844321052
283	user	7.146271125577655E-4	0.003715664113132043	0.9868271665107498	0.0011756969983223273	0.0016470568937111763	0.0016754683096509143	0.0010362256332752397	0.0012145773256586334	5.820787185100347E-4	0.0014114383844321052
284	user	7.146271125577655E-4	0.003715664113132043	0.0017917914781931327	0.0011756969983223273	0.2479059006518503	0.7404519995840684	0.0010362256332752397	0.0012145773256586334	5.820787185100347E-4	0.0014114383844321052
285	user	9.481067958672746E-4	0.004929628802092052	0.0023771973486587505	0.0015598153140321145	0.002185175746437107	0.002222869609515245	0.0013747765060910847	0.9817576000356114	7.722528001685195E-4	0.0018725770415264442
286	user	7.146271125577655E-4	0.003715664113132043	0.0017917914781931327	0.0011756969983223273	0.0016470568937111763	0.0016754683096509143	0.0010362256332752397	0.9862499523582153	5.820787185100347E-4	0.0014114383844321052
287	user	7.146271125577655E-4	0.003715664113132043	0.9868271665107498	0.0011756969983223273	0.0016470568937111763	0.0016754683096509143	0.0010362256332752397	0.0012145773256586334	5.820787185100347E-4	0.0014114383844321052
288	user	7.146271125577655E-4	0.003715664113132043	0.0017917914781931327	0.0011756969983223273	0.0016470568937111763	0.9867108433422075	0.0010362256332752397	0.0012145773256586334	5.820787185100347E-4	0.0014114383844321052
289	user	5.734178867712435E-4	0.0029814545603763353	0.0014377362192190507	9.43381067432966E-4	0.0013216009675360988	0.9893367603974479	8.314690310645768E-4	9.7457870148069E-4	4.670608529081767E-4	0.0011325403157628642
290	user	5.734178867712435E-4	0.0029814545603763353	0.0014377362192190507	9.43381067432966E-4	0.0013216009675360988	0.9893367603974479	8.314690310645768E-4	9.7457870148069E-4	4.670608529081767E-4	0.0011325403157628642
291	naco	3.2027471166266684E-4	0.44312893872040165	8.030278853876284E-4	5.269125821333975E-4	7.38162130229441E-4	0.5525805053932263	4.644056460814243E-4	5.443375935948524E-4	2.608704462226888E-4	6.325648910599825E-4
292	naco	4.7880646141419437E-4	0.9924630971221313	0.0012005160764123877	7.877273469896513E-4	0.0011035426296703184	0.0011225785286599096	6.942803036389063E-4	8.137775088480393E-4	3.899978696257066E-4	9.456761526095556E-4
293	catalog	4.7880646141419437E-4	0.002489527691504505	0.0012005160764123877	0.9907612967776164	0.0011035426296703184	0.0011225785286599096	6.942803036389063E-4	8.137775088480393E-4	3.899978696257066E-4	9.456761526095556E-4
294	catalog	4.7880646141419437E-4	0.002489527691504505	0.0012005160764123877	0.9907612967776164	0.0011035426296703184	0.0011225785286599096	6.942803036389063E-4	8.137775088480393E-4	3.899978696257066E-4	9.456761526095556E-4
295	catalog	7.146271125577655E-4	0.003715664113132043	0.9868271665107498	0.0011756969983223273	0.0016470568937111763	0.0016754683096509143	0.0010362256332752397	0.0012145773256586334	5.820787185100347E-4	0.0014114383844321052
296	catalog	7.146271125577655E-4	0.003715664113132043	0.9868271665107498	0.0011756969983223273	0.0016470568937111763	0.0016754683096509143	0.0010362256332752397	0.0012145773256586334	5.820787185100347E-4	0.0014114383844321052
297	catalog	7.146271125577655E-4	0.003715664113132043	0.0017917914781931327	0.0011756969983223273	0.0016470568937111763	0.0016754683096509143	0.0010362256332752397	0.9862499523582153	5.820787185100347E-4	0.0014114383844321052
298	catalog	7.146271125577655E-4	0.003715664113132043	0.0017917914781931327	0.0011756969983223273	0.0016470568937111763	0.0016754683096509143	0.0010362256332752397	0.9862499523582153	5.820787185100347E-4	0.0014114383844321052
299	catalog	5.734178867712435E-4	0.9909738166267372	0.0014377362192190507	9.43381067432966E-4	0.0013216009675360988	0.0013443983310870464	8.314690310645768E-4	9.7457870148069E-4	4.670608529081767E-4	0.0011325403157628642
300	catalog	4.7880646141419437E-4	0.002489527691504505	0.0012005160764123877	0.9907612967776164	0.0011035426296703184	0.0011225785286599096	6.942803036389063E-4	8.137775088480393E-4	3.899978696257066E-4	9.456761526095556E-4
301	catalog	5.734178867712435E-4	0.5957768718001929	0.0014377362192190507	9.43381067432966E-4	0.0013216009675360988	0.0013443983310870464	8.314690310645768E-4	0.39617152352802504	4.670608529081767E-4	0.0011325403157628642
302	catalog	4.7880646141419437E-4	0.6624719073119224	0.0012005160764123877	7.877273469896513E-4	0.0011035426296703184	0.0011225785286599096	6.942803036389063E-4	0.33080496731905695	3.899978696257066E-4	9.456761526095556E-4
303	catalog	3.2027471166266684E-4	0.0016652506342914463	0.9940963260791357	5.269125821333975E-4	7.38162130229441E-4	7.508952855885475E-4	4.644056460814243E-4	5.443375935948524E-4	2.608704462226888E-4	6.325648910599825E-4
304	catalog	3.2027471166266684E-4	0.0016652506342914463	0.9940963260791357	5.269125821333975E-4	7.38162130229441E-4	7.508952855885475E-4	4.644056460814243E-4	5.443375935948524E-4	2.608704462226888E-4	6.325648910599825E-4
305	catalog	3.6000724296716627E-4	0.0018718377313911105	0.99336393010677	5.922801241277852E-4	8.297367968488537E-4	8.44049597666961E-4	5.22018723851833E-4	6.118668417376255E-4	2.932334233592628E-4	7.110394112794873E-4
306	catalog	5.734178867712435E-4	0.9909738166267372	0.0014377362192190507	9.43381067432966E-4	0.0013216009675360988	0.0013443983310870464	8.314690310645768E-4	9.7457870148069E-4	4.670608529081767E-4	0.0011325403157628642
307	distro	7.146271125577655E-4	0.003715664113132043	0.0017917914781931327	0.0011756969983223273	0.0016470568937111763	0.9867108433422075	0.0010362256332752397	0.0012145773256586334	5.820787185100347E-4	0.0014114383844321052
308	instance	0.9857500021451143	0.003715664113132043	0.0017917914781931327	0.0011756969983223273	0.0016470568937111763	0.0016754683096509143	0.0010362256332752397	0.0012145773256586334	5.820787185100347E-4	0.0014114383844321052
309	operator	5.734178867712435E-4	0.9909738166267372	0.0014377362192190507	9.43381067432966E-4	0.0013216009675360988	0.0013443983310870464	8.314690310645768E-4	9.7457870148069E-4	4.670608529081767E-4	0.0011325403157628642
310	operator	5.734178867712435E-4	0.9909738166267372	0.0014377362192190507	9.43381067432966E-4	0.0013216009675360988	0.0013443983310870464	8.314690310645768E-4	9.7457870148069E-4	4.670608529081767E-4	0.0011325403157628642
311	operator	5.734178867712435E-4	0.0029814545603763353	0.0014377362192190507	9.43381067432966E-4	0.0013216009675360988	0.0013443983310870464	8.314690310645768E-4	9.7457870148069E-4	4.670608529081767E-4	0.9891249023821238
312	operator	7.146271125577655E-4	0.003715664113132043	0.9868271665107498	0.0011756969983223273	0.0016470568937111763	0.0016754683096509143	0.0010362256332752397	0.0012145773256586334	5.820787185100347E-4	0.0014114383844321052
313	operator	9.481067958672746E-4	0.004929628802092052	0.9825233989411832	0.0015598153140321145	0.002185175746437107	0.002222869609515245	0.0013747765060910847	0.001611398443086872	7.722528001685195E-4	0.0018725770415264442
314	operator	4.7880646141419437E-4	0.002489527691504505	0.0012005160764123877	0.9907612967776164	0.0011035426296703184	0.0011225785286599096	6.942803036389063E-4	8.137775088480393E-4	3.899978696257066E-4	9.456761526095556E-4
315	operator	7.146271125577655E-4	0.003715664113132043	0.9868271665107498	0.0011756969983223273	0.0016470568937111763	0.0016754683096509143	0.0010362256332752397	0.0012145773256586334	5.820787185100347E-4	0.0014114383844321052
316	operator	5.734178867712435E-4	0.0029814545603763353	0.0014377362192190507	9.43381067432966E-4	0.0013216009675360988	0.9893367603974479	8.314690310645768E-4	9.7457870148069E-4	4.670608529081767E-4	0.0011325403157628642
317	operator	5.734178867712435E-4	0.0029814545603763353	0.0014377362192190507	9.43381067432966E-4	0.0013216009675360988	0.0013443983310870464	8.314690310645768E-4	9.7457870148069E-4	4.670608529081767E-4	0.9891249023821238
318	operator	5.734178867712435E-4	0.0029814545603763353	0.0014377362192190507	9.43381067432966E-4	0.0013216009675360988	0.9893367603974479	8.314690310645768E-4	9.7457870148069E-4	4.670608529081767E-4	0.0011325403157628642
319	operator	7.146271125577655E-4	0.003715664113132043	0.0017917914781931327	0.0011756969983223273	0.0016470568937111763	0.9867108433422075	0.0010362256332752397	0.0012145773256586334	5.820787185100347E-4	0.0014114383844321052
320	operator	5.734178867712435E-4	0.0029814545603763353	0.0014377362192190507	9.43381067432966E-4	0.0013216009675360988	0.9893367603974479	8.314690310645768E-4	9.7457870148069E-4	4.670608529081767E-4	0.0011325403157628642
321	service	4.7880646141419437E-4	0.002489527691504505	0.0012005160764123877	0.9907612967776164	0.0011035426296703184	0.0011225785286599096	6.942803036389063E-4	8.137775088480393E-4	3.899978696257066E-4	9.456761526095556E-4
322	service	7.146271125577655E-4	0.003715664113132043	0.9868271665107498	0.0011756969983223273	0.0016470568937111763	0.0016754683096509143	0.0010362256332752397	0.0012145773256586334	5.820787185100347E-4	0.0014114383844321052
323	service	4.7880646141419437E-4	0.002489527691504505	0.0012005160764123877	7.877273469896513E-4	0.0011035426296703184	0.0011225785286599096	6.942803036389063E-4	8.137775088480393E-4	3.899978696257066E-4	0.9909192455832364
324	service	4.109942247920653E-4	0.0021369417209747403	0.0010304897989851856	6.761633695737847E-4	9.472504741618429E-4	9.63590363405065E-4	5.959510118967096E-4	6.985241080798474E-4	3.347633856568137E-4	0.9922053315424739
325	service	4.109942247920653E-4	0.0021369417209747403	0.9924240790853122	6.761633695737847E-4	9.472504741618429E-4	9.63590363405065E-4	5.959510118967096E-4	6.985241080798474E-4	3.347633856568137E-4	8.11742256146974E-4
326	service	4.7880646141419437E-4	0.002489527691504505	0.0012005160764123877	0.9907612967776164	0.0011035426296703184	0.0011225785286599096	6.942803036389063E-4	8.137775088480393E-4	3.899978696257066E-4	9.456761526095556E-4
327	service	7.146271125577655E-4	0.003715664113132043	0.9868271665107498	0.0011756969983223273	0.0016470568937111763	0.0016754683096509143	0.0010362256332752397	0.0012145773256586334	5.820787185100347E-4	0.0014114383844321052
328	service	4.7880646141419437E-4	0.002489527691504505	0.0012005160764123877	0.9907612967776164	0.0011035426296703184	0.0011225785286599096	6.942803036389063E-4	8.137775088480393E-4	3.899978696257066E-4	9.456761526095556E-4
329	service	7.146271125577655E-4	0.003715664113132043	0.9868271665107498	0.0011756969983223273	0.0016470568937111763	0.0016754683096509143	0.0010362256332752397	0.0012145773256586334	5.820787185100347E-4	0.0014114383844321052
330	service	4.109942247920653E-4	0.0021369417209747403	0.0010304897989851856	6.761633695737847E-4	9.472504741618429E-4	9.63590363405065E-4	5.959510118967096E-4	6.985241080798474E-4	3.347633856568137E-4	0.9922053315424739
331	service	4.109942247920653E-4	0.0021369417209747403	0.9924240790853122	6.761633695737847E-4	9.472504741618429E-4	9.63590363405065E-4	5.959510118967096E-4	6.985241080798474E-4	3.347633856568137E-4	8.11742256146974E-4
332	service	5.734178867712435E-4	0.9909738166267372	0.0014377362192190507	9.43381067432966E-4	0.0013216009675360988	0.0013443983310870464	8.314690310645768E-4	9.7457870148069E-4	4.670608529081767E-4	0.0011325403157628642
333	app	9.481067958672746E-4	0.004929628802092052	0.0023771973486587505	0.9817060169065567	0.002185175746437107	0.002222869609515245	0.0013747765060910847	0.001611398443086872	7.722528001685195E-4	0.0018725770415264442
334	app	7.146271125577655E-4	0.9887510391456886	0.0017917914781931327	0.0011756969983223273	0.0016470568937111763	0.0016754683096509143	0.0010362256332752397	0.0012145773256586334	5.820787185100347E-4	0.0014114383844321052
335	authority	5.734178867712435E-4	0.9909738166267372	0.0014377362192190507	9.43381067432966E-4	0.0013216009675360988	0.0013443983310870464	8.314690310645768E-4	9.7457870148069E-4	4.670608529081767E-4	0.0011325403157628642
336	authority	7.146271125577655E-4	0.003715664113132043	0.0017917914781931327	0.9862110720308789	0.0016470568937111763	0.0016754683096509143	0.0010362256332752397	0.0012145773256586334	5.820787185100347E-4	0.0014114383844321052
337	authority	5.734178867712435E-4	0.9909738166267372	0.0014377362192190507	9.43381067432966E-4	0.0013216009675360988	0.0013443983310870464	8.314690310645768E-4	9.7457870148069E-4	4.670608529081767E-4	0.0011325403157628642
338	cluster	5.734178867712435E-4	0.0029814545603763353	0.0014377362192190507	9.43381067432966E-4	0.0013216009675360988	0.0013443983310870464	0.9888238310974256	9.7457870148069E-4	4.670608529081767E-4	0.0011325403157628642
339	cluster	7.146271125577655E-4	0.003715664113132043	0.0017917914781931327	0.0011756969983223273	0.0016470568937111763	0.7404519995840684	0.0010362256332752397	0.24747342108379777	5.820787185100347E-4	0.0014114383844321052
340	cluster	5.734178867712435E-4	0.9909738166267372	0.0014377362192190507	9.43381067432966E-4	0.0013216009675360988	0.0013443983310870464	8.314690310645768E-4	9.7457870148069E-4	4.670608529081767E-4	0.0011325403157628642
341	flow	7.146271125577655E-4	0.9887510391456886	0.0017917914781931327	0.0011756969983223273	0.0016470568937111763	0.0016754683096509143	0.0010362256332752397	0.0012145773256586334	5.820787185100347E-4	0.0014114383844321052
342	flow	9.481067958672746E-4	0.004929628802092052	0.0023771973486587505	0.0015598153140321145	0.002185175746437107	0.9823690712020398	0.0013747765060910847	0.001611398443086872	7.722528001685195E-4	0.0018725770415264442
343	flow	7.146271125577655E-4	0.9887510391456886	0.0017917914781931327	0.0011756969983223273	0.0016470568937111763	0.0016754683096509143	0.0010362256332752397	0.0012145773256586334	5.820787185100347E-4	0.0014114383844321052
344	machine	2.8844068906543535E-4	0.9954596488671211	7.23210132318938E-4	4.745395834682162E-4	6.64791773225124E-4	6.76259303979242E-4	4.182455863162022E-4	4.90232618634255E-4	2.349409695028727E-4	5.696904763686709E-4
345	param	4.7880646141419437E-4	0.9924630971221313	0.0012005160764123877	7.877273469896513E-4	0.0011035426296703184	0.0011225785286599096	6.942803036389063E-4	8.137775088480393E-4	3.899978696257066E-4	9.456761526095556E-4
346	param	5.734178867712435E-4	0.0029814545603763353	0.0014377362192190507	9.43381067432966E-4	0.0013216009675360988	0.9893367603974479	8.314690310645768E-4	9.7457870148069E-4	4.670608529081767E-4	0.0011325403157628642
347	param	4.7880646141419437E-4	0.9924630971221313	0.0012005160764123877	7.877273469896513E-4	0.0011035426296703184	0.0011225785286599096	6.942803036389063E-4	8.137775088480393E-4	3.899978696257066E-4	9.456761526095556E-4
348	flow	7.146271125577655E-4	0.9887510391456886	0.0017917914781931327	0.0011756969983223273	0.0016470568937111763	0.0016754683096509143	0.0010362256332752397	0.0012145773256586334	5.820787185100347E-4	0.0014114383844321052
349	demo	7.146271125577655E-4	0.9887510391456886	0.0017917914781931327	0.0011756969983223273	0.0016470568937111763	0.0016754683096509143	0.0010362256332752397	0.0012145773256586334	5.820787185100347E-4	0.0014114383844321052
