0	sy	1.531904487985719E-4	1.0236861121211545E-4	0.08483663596536024	9.816682012076623E-5	0.012843809643342039	6.473982580054401E-5	2.2776596341589957E-4	1.1837743713944156E-4	0.9013295636696403	2.2538161517011773E-4
1	sy	0.0010238931181210504	6.84210519348459E-4	0.0014789838832989185	6.561266210639669E-4	0.0010126354273232835	4.327075390495924E-4	0.0015223403568090112	7.912101843062906E-4	0.9908914884819426	0.0015064038687367678
2	sy	5.714416205495611E-4	3.818624825714628E-4	8.254308307003371E-4	3.6618867046840897E-4	5.6515862776519E-4	0.016023400160722134	8.49628369530745E-4	4.4157971365703646E-4	0.9791345754154469	8.407341085881738E-4
3	abstract	0.16609045791909113	5.711544820203388E-4	0.001234602874253406	5.477110476909963E-4	0.16608106040125928	3.612087849329002E-4	0.0012707953084087102	6.604739772446091E-4	0.6619250431072263	0.0012574920978722906
4	xxl	0.5856752923111526	1.748740651793279E-4	3.780063543212946E-4	1.6769623712756317E-4	0.00748614300280718	1.1059363199998924E-4	3.890876261815543E-4	2.0222159324981143E-4	0.4050310706818887	3.8501449609210623E-4
5	xxl	0.6108582126936566	8.164368308553713E-5	0.03729303500954779	7.829256113329219E-5	0.02036622657838844	5.163299333738484E-5	1.8165384793848735E-4	9.441145921443177E-5	0.3308151389533213	1.7975222037668712E-4
6	xxl	0.8439651890622223	1.244894154590807E-4	0.02084906837269829	1.1937966051906908E-4	0.07735914403689136	7.872943644934975E-5	2.7698384603818787E-4	1.4395758405374398E-4	0.056808974321014435	2.740842646542691E-4
7	xxl	0.9668455337194101	2.410853900652803E-4	5.211282146683731E-4	2.311898719739803E-4	3.568077369266852E-4	1.524669131589747E-4	5.364051097649133E-4	2.7878731839543443E-4	0.030305805926268616	5.307897993677184E-4
8	xxl	0.6259442572767117	3.8798563428673016E-4	8.386665855532416E-4	3.720604931481102E-4	0.08074904818446668	2.453693771891645E-4	0.2894926302585531	4.4866042910962184E-4	6.671065100084046E-4	8.542152509733048E-4
9	i18n	0.35025924877441117	7.041213624728909E-4	0.0015220229995521583	6.752202097363662E-4	0.0010421035874370386	4.452995289198733E-4	0.0015666411665295045	8.142347672565452E-4	0.6123204033600673	0.030650704243617113
10	jwt	4.34345612494755E-4	0.012285875659301355	0.02461865317350134	2.78335418078716E-4	4.295699884395746E-4	0.7199211652156079	6.457918731958119E-4	3.356392049448022E-4	0.24041159239748858	6.390314569470375E-4
11	namespace	8.57286320524264E-5	5.728765124162982E-5	1.2383252011252582E-4	5.4936239614753004E-5	0.9992236466446562	3.6229782918716526E-5	1.2746267554462638E-4	6.624653058612247E-5	9.850097969900379E-5	1.2612834357386327E-4
12	namespace	6.892113494996991E-5	4.605614072759988E-5	9.955457850594149E-5	0.09902321322216412	0.9003968068435011	2.9126765445434442E-5	1.0247302507898566E-4	5.325859010209448E-5	7.918940442660594E-5	1.0140029509807586E-4
13	abstract	0.29477457763408454	3.390550151935701E-4	0.01474562216000668	3.251382654648309E-4	5.01803334628045E-4	2.144247378227075E-4	7.543835094777204E-4	3.9207783785132614E-4	0.6872064311943734	7.464863110970057E-4
14	controller	0.016927663879771203	0.005710164013106232	2.9159946533347235E-4	1.29363256796654E-4	0.8643655233318165	8.531349696061696E-5	3.001477156809257E-4	1.559966063967461E-4	0.11173722258880225	2.9700564533544365E-4
15	instance	9.451322131212521E-4	2.206952386060806E-5	4.7705302942436786E-5	2.1163664851192808E-5	0.5728352758388663	1.3957179972640068E-5	4.9103785864847834E-5	2.5520847089477166E-5	0.4259914818962925	4.858974713872654E-5
16	abstract	0.0016948674454022087	0.0011325851444079552	0.0024481868192237645	0.0010860973967124527	0.23571793467801871	7.162680443258479E-4	0.002519955516755934	0.001309703483809209	0.7508808258904911	0.0024935755808528073
17	abstract	0.004917174031297205	0.0032858724588896602	0.0071027151320346635	0.0031510015305690237	0.0048631097702298625	0.13787908393444176	0.007310931518940048	0.0037997307557924315	0.8204559832017764	0.007234397666028998
18	biz	2.2029596766671525E-4	1.4721147723330491E-4	3.1821112962719607E-4	0.1644110029555565	0.6755494130851253	9.309929361234678E-5	3.275395020104871E-4	1.702330156289884E-4	2.5311693560724853E-4	0.158509876637932
19	gray	5.922605905715034E-5	3.95774636134086E-5	8.555032284774025E-5	3.795297899786136E-5	0.9994636523577713	2.5029528774697277E-5	8.805823408883812E-5	4.57667507213415E-5	6.804990002958118E-5	8.713640409796726E-5
20	json	1.0364174062207572E-4	6.925798007837084E-5	0.09460714159823826	6.641523795016956E-5	0.9046039924938796	4.3800042928008574E-5	1.540961664909485E-4	8.008882885149202E-5	1.1908288683227104E-4	1.5248302412874444E-4
21	property	1.3007680817261612E-4	8.692305759247568E-5	0.02174242567522719	8.335524002906155E-5	0.9341584317121834	5.497176859151843E-5	0.043302467244256716	1.005164440963281E-4	1.4945640370520096E-4	1.9137564614531697E-4
22	property	9.82959560163051E-5	6.568569113853358E-5	1.419856547218117E-4	6.298957610300654E-5	0.999109837711824	4.1540860538642486E-5	1.4614797004334736E-4	7.595789062333464E-5	1.1294065630412911E-4	1.4461803268672337E-4
23	remote	2.216815711145756E-5	1.4813739854080556E-5	3.202125935805719E-5	1.4205699563102439E-5	0.9979625459669703	9.36848635780113E-6	3.295996389621666E-5	1.7130373633211105E-5	2.547089742741562E-5	0.00186931545582832
24	remote	3.2492679882550134E-5	2.1713041121187107E-5	4.6934732757722455E-5	2.0821814194604504E-5	0.9826556596889165	1.3731733615815002E-5	4.83106263834018E-5	2.510861610795433E-5	0.017087422176241634	4.780489077856276E-5
25	simple	1.0160592116072409E-4	6.789755576620507E-5	0.10958551846033786	6.511065320335129E-5	0.8896411112087359	4.293968512944528E-5	1.5106927816604192E-4	7.85156557705104E-5	1.1674375920789927E-4	1.4948782252190336E-4
26	txt	4.6803160737534814E-4	3.1275935298934334E-4	6.760580688860438E-4	2.999219270678004E-4	0.892353882045191	1.9779486885941627E-4	0.10410352850008048	3.6166995146151413E-4	5.377616643687767E-4	6.885920137202818E-4
27	xml	5.808593380975026E-5	3.8815581661240156E-5	8.390344502816734E-5	3.722236902214523E-5	0.9994739772637	2.4547700367728267E-5	8.63630779780918E-5	4.4885722524977526E-5	6.673991232582545E-5	8.5458993582034E-5
28	yaml	5.441935390984813E-5	3.636541133277032E-5	0.0541843530125982	3.48727676448075E-5	0.9454014357557997	2.2998166791287354E-5	8.091154944029979E-5	4.205238444795343E-5	6.252706413685435E-5	8.006453389821372E-5
29	bootstrap	3.645055977108925E-5	2.435787094387961E-5	5.265177535092233E-5	2.335808513136959E-5	0.9946365028123293	1.5404373499913882E-5	5.41952643159067E-5	2.816705533432578E-5	4.18811750761835E-5	0.005087031028247052
30	bootstrap	3.059101662002797E-4	2.0442265895288632E-4	4.4187835384397787E-4	1.9603198824740643E-4	0.9972296958638266	1.2928071577401242E-4	4.548320360033714E-4	2.3639111807359183E-4	3.5148643281961454E-4	4.500706662582801E-4
31	bootstrap	2.935114568800331E-4	1.9613729479415036E-4	4.239687781921715E-4	1.8808670264301E-4	0.9892358665030356	1.24040896399896E-4	4.363974404030092E-4	2.2681005447152875E-4	0.008443351821556486	4.318290516240913E-4
32	bootstrap	3.138652715491984E-4	2.0973861104390512E-4	4.533692725666143E-4	2.011297433747896E-4	0.9884894180318234	1.3264262337695415E-4	0.009134896686084113	2.4253840069313355E-4	3.606267357932825E-4	4.617746236945903E-4
33	bootstrap	4.192578311038638E-4	2.801665655170161E-4	6.056057650698711E-4	2.6866693330412954E-4	0.9962032262018069	1.7718258001102666E-4	6.233591230390225E-4	3.239801693640506E-4	4.81721288693317E-4	6.168335420908444E-4
34	bootstrap	3.8782372580908295E-4	0.010969960179061121	5.602001125714766E-4	2.485234701552786E-4	0.9857770923074892	1.6389821067246615E-4	5.766224019657872E-4	2.996895634369127E-4	4.4560394850755444E-4	5.705860803311313E-4
35	bootstrap	5.073819926821715E-4	3.390550151935701E-4	7.328985580351404E-4	3.251382654648309E-4	0.9533670082686929	2.144247378227075E-4	7.543835094777204E-4	3.9207783785132614E-4	5.829746977679918E-4	0.042784657117011626
36	bootstrap	3.7574997803936053E-4	2.510927000772048E-4	5.427599344450673E-4	2.4078642496225679E-4	0.9965972307123392	1.587957233209256E-4	5.5867096429863E-4	2.90359612850195E-4	4.3173138393392364E-4	5.528225657332028E-4
37	bootstrap	5.456093583480745E-4	3.6460022616597036E-4	7.881168779166114E-4	3.496349554245932E-4	0.9950589943415707	2.305800073805269E-4	8.112205566828949E-4	4.216179143483412E-4	6.26897397562161E-4	8.027283646000192E-4
38	bootstrap	5.900663609038383E-4	3.9430835513862614E-4	8.523337274256829E-4	3.781236935099456E-4	0.9946563943901149	2.4936798420053684E-4	8.773199257826675E-4	4.559719231441035E-4	6.77977861595996E-4	8.681357781837144E-4
39	bootstrap	3.085166802213494E-4	2.0616444652864213E-4	0.0089661644721659	1.977022829365032E-4	0.9290419227530942	1.30382254838583E-4	4.587074419560402E-4	2.384052935793243E-4	3.544812803813667E-4	0.06009755309429815
40	config	1.9964668029280437E-4	1.3341271309647164E-4	2.8838383350895865E-4	1.2793669517726852E-4	0.9816506653260176	8.437269689579728E-5	2.968378174769118E-4	0.01669562264310094	2.2939119791937039E-4	2.93730396513884E-4
41	conditional	2.8882889846771324E-4	1.930082028347745E-4	4.1720495851035183E-4	1.8508604644693345E-4	0.9973843828009702	1.220620000764505E-4	4.294353390683782E-4	2.2319162219684426E-4	3.3186029898454004E-4	4.2493983244382274E-4
42	config	1.9978695861367915E-5	1.3350645325458033E-5	2.8858646147087987E-5	1.2802658770516538E-5	0.9992673085008913	8.443197992635337E-6	2.9704638548589007E-5	1.5438474343572454E-5	5.747208640048123E-4	2.9393678114673847E-5
43	config	4.5870696599117805E-5	3.0652821654425315E-5	0.017802062741470285	2.939465519668756E-5	0.9818487938680323	1.9385418154112608E-5	6.820127158968082E-5	3.544643641813709E-5	5.270477839569099E-5	6.74873124895759E-5
44	notification	6.143687263156252E-5	4.1054826706450065E-5	8.874377887128931E-5	3.936970269168145E-5	0.9960501411418343	2.5963840847071446E-5	9.13453064073679E-5	4.7475149952393576E-5	0.003464080314072973	9.03890659848465E-5
45	notification	2.352183769355549E-5	1.5718328895375047E-5	3.39766116586289E-5	1.5073159115874637E-5	0.9958892733219132	9.94056539903321E-6	3.497263743008913E-5	0.003915890751312363	2.7026257175307334E-5	3.460652940650119E-5
46	client	9.883255913637598E-5	6.60442729992472E-5	1.4276076235000744E-4	6.333343972098906E-5	0.9881868664369438	4.176763441906304E-5	1.4694579998361751E-4	7.637254899540158E-5	0.01103166903483806	1.454075106134179E-4
47	abstract	0.09594580010780518	0.014829529583344997	1.9273897137997152E-4	8.550544158521176E-5	0.7039843599876467	5.638980040725794E-5	1.9838912227164915E-4	1.0310932985179179E-4	0.16966750106269823	0.014936676593008881
48	access	7.460109271828578E-5	4.985173890650791E-5	1.0775911260084152E-4	4.780553949102887E-5	0.9993244169741478	3.152717277734797E-5	1.1091807542911002E-4	5.764775958979274E-5	8.571559516864339E-5	1.0975693917060776E-4
49	app	3.008954234747579E-5	2.0107158679124828E-5	4.346347035657655E-5	1.9281846318139193E-5	0.9955724911558975	1.271614350157733E-5	4.473760378186334E-5	0.004178271350592627	3.4572456470651697E-5	4.4269272054427E-5
50	config	3.8139927719553626E-5	2.548678108199111E-5	5.5092018306481656E-5	2.4440658364983854E-5	0.9996546070997664	1.6118317401471443E-5	5.670704309430739E-5	2.9472509099186044E-5	4.382223483663872E-5	5.61134103289126E-5
51	default	8.845108198745624E-5	5.910691230607105E-5	1.2776502000507933E-4	5.6680827839122495E-5	0.9991989923011632	3.738031766763083E-5	1.3151045683364762E-4	6.835029520445732E-5	1.0162903597800677E-4	1.301337510153129E-4
52	release	4.085079619068063E-5	2.729830290168937E-5	5.900778911066242E-5	2.6177825007312155E-5	0.9996300576373165	1.7263957707152075E-5	6.073760488104056E-5	3.1567324177742834E-5	4.6936984178233904E-5	6.010177852894131E-5
53	access	1.6735090536874441E-4	1.1183125254900504E-4	2.4173352424719933E-4	1.0724106073990468E-4	0.9337786211038722	7.07241772976439E-5	0.06495467907659377	1.2931988538375416E-4	1.9228381157716188E-4	2.462152023706374E-4
54	instance	1.4637823325859418E-4	9.781638847516103E-5	2.1143910826602096E-4	9.380144654309503E-5	0.7439887101740031	6.186091493610879E-5	2.1763745444142721E-4	1.1311331902249303E-4	0.2548538838254401	2.153591356139284E-4
55	namespace	1.2135746315488949E-4	8.109640686363288E-5	1.7529733225817433E-4	7.776774824586592E-5	0.9989009940849319	5.128688561108731E-5	1.8043618077996404E-4	9.377859767817294E-5	1.3943800021481897E-4	1.7854730026126817E-4
56	watch	6.543375092089575E-5	4.372571697977833E-5	9.451715352222853E-5	4.1930964409698084E-5	0.9994074358721938	2.7652961847935184E-5	9.728792777420706E-5	5.0563725070230504E-5	7.518244974616272E-5	9.626947753499985E-5
57	case	3.31084800401987E-4	0.4574112781920446	4.7824238207438237E-4	2.1216428504963451E-4	3.274445275602222E-4	0.32931674333716465	0.21079967713426562	2.558447374153534E-4	3.804117296902769E-4	4.871088743332379E-4
58	apollo	0.14407002462727705	7.108932047983022E-5	1.536660958742061E-4	6.817140970673899E-5	0.8110024634420407	4.495821687574644E-5	1.5817082380965096E-4	8.220656182342297E-5	0.044192734475862	1.5651502625048817E-4
59	abstract	4.7416058647598773E-4	3.168550070173927E-4	6.849112012594271E-4	3.038494721178677E-4	0.28856389225930806	2.0038503712657967E-4	0.21022858581007284	3.66406100770463E-4	0.49816334524493266	6.976092809185938E-4
60	beat	0.10594486773489997	1.598548588800762E-4	0.026771953826020135	1.5329350463292885E-4	0.053089411823964275	1.0109520481647275E-4	3.556705078677879E-4	1.8485362148071163E-4	0.8128870517154528	3.519472019848875E-4
61	host	0.06628422763237078	7.624130950290227E-5	1.6480259336523032E-4	7.311193174473083E-5	1.1283756803633546E-4	4.8216431165563085E-5	1.6963378818372722E-4	8.816424015372764E-5	0.9328149065139014	1.6785799157559818E-4
62	health	4.620590521802372E-4	0.01306977646150295	6.67430886302873E-4	2.9609462088717333E-4	0.07702302811838829	1.952708069094181E-4	6.869966502497135E-4	3.5705467823321556E-4	0.9065624838399822	6.79804885363887E-4
63	aggr	3.7574997803936053E-4	2.510927000772048E-4	5.427599344450673E-4	2.4078642496225679E-4	3.7161861218176263E-4	0.031290846101450845	5.5867096429863E-4	2.90359612850195E-4	0.6023180386944457	0.3637600769772489
64	client	3.222451637833043E-4	0.0358140193180945	4.6547378361242353E-4	2.064997085392532E-4	0.6677939688383071	1.3618405019382237E-4	4.791191667682018E-4	2.490139360411794E-4	0.2940593724853603	4.741035492998524E-4
65	disk	4.5623700796530497E-4	3.04877681704491E-4	6.590211124609119E-4	2.923637644815374E-4	0.05085208774165777	1.9281035241480805E-4	0.2526826756102446	3.5255571189111415E-4	0.6935361318207278	6.712391964515278E-4
66	dump	0.0015497819985615998	0.0010356326528091395	0.0022386151034061437	9.931243877954906E-4	0.21553981279959064	6.549534739442076E-4	0.002304240197449515	0.0011975891614221458	0.7722061317663522	0.0022801184586688323
67	group	1.2868988297561797E-4	8.59962530339325E-5	1.858887998132447E-4	8.246647681045059E-5	0.2666861674281479	5.438564004136249E-5	1.913381376430451E-4	0.17780537302779667	0.5545903592228039	1.89335130933885E-4
68	simple	2.4405336350682223E-4	1.6308721646666967E-4	3.5252799818975725E-4	1.5639318784648368E-4	0.39791273043524356	1.0313940825543041E-4	0.5934998067488001	1.8859146848760624E-4	0.007020606395492614	3.590637777110569E-4
69	health	1.396057407932153E-4	9.329071044782559E-5	2.0165643951985352E-4	8.946152812891063E-5	0.015560428584512339	5.899879144288346E-5	2.0756800635767487E-4	1.0787989678641167E-4	0.9833357152033362	2.0539509867464388E-4
70	user	2.3305740119255086E-4	1.55739229696732E-4	0.12906683190153087	1.493468043217566E-4	2.3049493826129145E-4	9.84924038872187E-5	0.006783022764235622	1.8009437321923948E-4	0.8627600342275127	3.4288595614204447E-4
71	naco	1.55827529195293E-4	1.0413082458758506E-4	2.2508834191312834E-4	9.985670221837214E-5	0.6284794127834319	0.004369452217973745	2.316868159355899E-4	0.013031209039067475	0.3186452908394873	0.03465804490618966
72	standalone	7.486741693529906E-4	5.002970848908712E-4	0.001081438102003504	4.7976204187884236E-4	0.43495027147648835	3.1639724072491553E-4	0.0011131405045460769	5.785356079022955E-4	0.4143933864260987	0.14583809734611347
73	base	0.028394808322540068	1.3642150694861686E-4	2.948876177824438E-4	1.3082199098588305E-4	0.10168827737780352	8.62755144445673E-5	3.03532260454493E-4	1.577556652577358E-4	0.8685068649844873	3.0035475929541356E-4
74	catalog	1.3245599753633998E-4	8.851293681069832E-5	1.9132884295777413E-4	0.07324747962542028	1.309996456591926E-4	5.597723796746184E-5	1.9693765587662244E-4	1.0235495518860499E-4	0.9256590770714868	1.9487603109618766E-4
75	cluster	1.3392575095360422E-4	8.949509083746427E-5	0.05197554861681431	8.582170237446008E-5	0.03342094401197483	5.659837055731772E-5	1.991229083234455E-4	1.0349070251572098E-4	0.9137380144382315	1.9703840741718389E-4
76	instance	1.0132160040523065E-4	6.770756010324496E-5	1.4635611020062824E-4	6.492845604497737E-5	1.0020757079773591E-4	4.2819528315972355E-5	1.5064654560469765E-4	7.829594780160748E-5	0.9990986471654262	1.49069515299736E-4
77	cluster	9.228341494790901E-5	6.166784613674223E-5	1.3330071370555675E-4	5.913664635341069E-5	9.126876006561812E-5	3.899990015606407E-5	0.07149956686986789	7.131171843731122E-5	0.927816692055259	1.3577207507056938E-4
78	push	0.10343852840526668	1.6645299211875587E-4	3.598034314131103E-4	1.5962081288791922E-4	2.4635136706743934E-4	1.0526798777623949E-4	3.7035108383790016E-4	1.9248359802773177E-4	0.8945946662259864	3.6647409561793565E-4
79	subscribe	1.3245599753633998E-4	8.851293681069832E-5	1.9132884295777413E-4	8.487986154517853E-5	1.309996456591926E-4	0.02200475716712999	0.003855067644070377	0.08789747467183873	0.8854196472013555	1.9487603109618766E-4
80	client	0.013561391361304118	6.515506020727257E-5	1.4083864722467138E-4	6.248072528865213E-5	0.024331430907633053	4.120527960570362E-5	0.07554274838576766	0.010846455855693186	0.8752648440173137	1.434497599620009E-4
81	naco	0.1355654694901474	5.12237168686739E-5	1.1072476898422633E-4	4.912120366021967E-5	7.58113898479531E-5	3.239483732042521E-5	0.002230983409032915	5.923429312824698E-5	0.8553612210962962	0.006463815794713716
82	naco	0.12191154986130878	1.1782132622785351E-4	2.546816187009738E-4	0.05367648869192886	1.743762272847715E-4	7.451241201050456E-5	2.621476208524554E-4	1.362467115073324E-4	0.8231327721789725	2.594033512059231E-4
83	naco	0.018003722997027516	5.4207419613107524E-5	1.1717431652373833E-4	0.0022923079139801975	8.022728673666556E-5	3.4281786783039164E-5	1.206092864431488E-4	6.268459962249166E-5	0.9791154376946879	1.1934669858215829E-4
84	config	0.012914373453976167	1.0761704165466572E-5	2.326241203177103E-5	1.0319982507286633E-5	0.009356053212543415	6.805903144916732E-6	2.3944350599476503E-5	1.2444663879644514E-5	0.9709468221761351	0.006695212141016811
85	config	3.161324476162296E-5	2.1125363803922712E-5	4.5664414257442675E-5	2.0258258502973508E-5	3.126565756883709E-5	1.3360075480609929E-5	4.700306844391738E-5	2.4429035386295507E-5	0.9997187698608984	4.651102089603167E-5
86	config	0.04598966969103666	3.8323750017472145E-5	8.284030575471392E-5	0.24712095358911082	0.08558586651144319	2.4236656830420145E-5	8.526877273300913E-5	4.43169762188203E-5	0.6209441476028783	8.437614397655758E-5
87	config	2.6023866417984E-5	1.7390294789732783E-5	3.759071951177225E-5	1.667649800321559E-5	0.07117895166489525	1.0997947925410202E-5	0.015131798678268258	2.0109860863915977E-5	0.9135221728274234	3.828764190102235E-5
88	config	9.964853956027587E-5	6.658954709058912E-5	1.439394223826581E-4	6.385633265669924E-5	0.3303461680758314	4.2112475960518366E-5	0.08821418972464305	7.700309529965736E-5	0.5807998847638715	1.4660802270361728E-4
89	config	0.09030114492732011	1.6760600340853864E-4	3.6229577122173274E-4	1.6072649802461393E-4	0.3188876848798557	1.0599717369722385E-4	3.729164866907592E-4	1.9381692198183433E-4	0.5890787986950261	3.6901264277339283E-4
90	config	7.053218301742497E-5	4.7132714068527874E-5	1.0188169066717803E-4	4.519811892516022E-5	0.20070723296660725	2.980761057684655E-5	0.10529344815599481	5.4503522425418006E-5	0.6935464924863899	1.0377055132754323E-4
91	name	1.2176557435819555E-4	8.136912476106185E-5	1.7588683704300093E-4	7.802927224686219E-5	0.09428120926098556	5.145935751398006E-5	0.057350089483229706	0.0034569790535205697	0.844224064302026	1.7914773431503274E-4
92	permission	5.207154572782621E-5	3.479650240358474E-5	7.521583605449405E-5	3.3368255677578653E-5	5.149901979636826E-5	2.2005959418639404E-5	7.742079138920815E-5	4.023812306506389E-5	0.9995367736479219	7.661031854520896E-5
93	role	5.126065044594215E-5	3.425462642831374E-5	7.404452136185259E-5	3.2848621379893694E-5	0.001466398300326173	2.1663266909391096E-5	7.62151395580644E-5	3.961150628829526E-5	0.9981282860793262	7.541728797575637E-5
94	user	8.004325349138925E-5	5.3488430650052484E-5	1.156201558399172E-4	5.1292960683873614E-5	7.916317901651931E-5	3.382708470522893E-5	1.1900956547481111E-4	6.185317219791087E-5	0.9992879384737862	1.1776372415411745E-4
95	auto	6.998686311110867E-5	4.676830726696988E-5	1.0109399189431789E-4	4.484866945509558E-5	6.921735851061253E-5	2.9577152894808506E-5	1.0405756643430472E-4	5.408212818421616E-5	0.9993773997134289	1.0296824881956121E-4
96	client	1.3343222236438497E-4	8.916529327718504E-5	1.9273897137997152E-4	8.550544158521176E-5	1.3196513690863577E-4	5.638980040725794E-5	1.9838912227164915E-4	1.0310932985179179E-4	0.9988129923790129	1.9631230294106787E-4
97	cmdb	1.3682421369692867E-5	9.143197141984524E-6	1.9763860438300203E-5	8.767908234156757E-6	1.3531983334297703E-5	5.782329009090381E-6	2.0343238821815112E-5	1.0573048047766204E-5	0.9998782817362135	2.0130277389514775E-5
98	c	2.556452348650238E-5	1.7083341593011593E-5	3.692721198296369E-5	1.638214391467974E-5	2.5283441901217944E-5	1.0803824978450675E-5	3.800973472457044E-5	1.975490505940358E-5	0.999772579039248	3.761183311120393E-5
99	deregister	1.2300654498621804E-4	8.219839604228075E-5	1.7767938308712388E-4	7.882450550958615E-5	1.2165408971032203E-4	5.198380419399081E-5	1.828880615271644E-4	9.505292047281776E-5	0.9989057387807632	1.8097351370738993E-4
100	multi	2.1612419517954283E-5	1.4442371494685657E-5	3.121851253850341E-5	1.384957427720085E-5	2.1374791261626864E-5	9.133626056285054E-6	3.213368452055439E-5	1.670092915702538E-5	0.9998077367953467	3.179729582942591E-5
101	multi	2.2100503766472143E-5	1.476853090649716E-5	3.192353606534837E-5	1.4162346248324411E-5	2.185750903052314E-5	6.19704975747416E-4	3.285937584115343E-5	1.7078094723813725E-5	0.9991930297373571	3.251539031333654E-5
102	name	8.738376987745184E-5	5.839368730224142E-5	1.2622331864855198E-4	5.5996877653342414E-5	8.642298652554415E-5	3.692926082552084E-5	0.019436633412209442	6.752553313083522E-5	0.9799159276869197	1.2856346690732836E-4
103	name	1.5001701302736956E-4	1.0024798153045699E-4	0.07479294240725236	9.613323316440157E-5	1.483675780256324E-4	6.339869989727706E-5	2.2304764930796995E-4	0.13269592017419474	0.7915092125692754	2.2071269432445416E-4
104	register	7.633101428610294E-5	5.100774876085712E-5	0.0022183449787071953	4.8914100114114684E-5	7.549175583040613E-5	3.2258255046689363E-5	1.1349014996520532E-4	5.8984551036364626E-5	0.9824562660457107	0.014868911400542353
105	rest	6.0110963839914665E-5	0.0017002953552497772	8.682854211574771E-5	3.8520039733794404E-5	5.945004461652216E-5	2.5403498444056744E-5	8.937392440738187E-5	4.645055810696913E-5	0.9978051287522594	8.843832122645239E-5
106	select	4.7063128624758075E-5	3.144965730173221E-5	6.798132295426955E-5	3.015878416873063E-5	0.006545422480683314	1.9889351932128017E-5	6.997419823920742E-5	3.636788451274965E-5	0.9930824515121729	6.924167941014519E-5
107	select	1.446242462582567E-4	9.664429703788908E-5	2.0890552496606143E-4	9.267746441688104E-5	1.4303410465321952E-4	6.11196623727223E-5	2.150295990425823E-4	1.1175793108868743E-4	0.9987134285898405	2.127785803232833E-4
108	service	1.6581813325862205E-4	1.108069866535235E-4	2.395194794338099E-4	1.0625883655294928E-4	1.6399496515655091E-4	7.007641237378933E-5	2.4654100284761464E-4	1.2813544056008449E-4	0.9985248886334341	2.439601097289197E-4
109	subscribe	1.3197322233408112E-4	8.819032513764375E-5	1.906314881941172E-4	8.457049169339861E-5	1.305221785636645E-4	5.5773212306983764E-5	1.9621985812932045E-4	1.0198189217060296E-4	0.9988259715839178	1.9416574755238623E-4
110	subscribe	8.093786397252568E-5	5.408624881200693E-5	1.1691239470744581E-4	5.186624098214696E-5	8.004795326767937E-5	3.4205156100425814E-5	1.2033968637801393E-4	6.25444796314067E-5	0.9992799800553465	1.1907992080193697E-4
111	unsubscribe	1.7892863651644818E-4	1.1956800290043254E-4	2.584572207635357E-4	1.1466025077359707E-4	1.7696131861078178E-4	7.561704303141714E-5	2.6603390484513067E-4	1.382665406870281E-4	0.9984082581299002	2.6324895197147533E-4
112	sentinel	0.004498141852626523	1.050348803762602E-4	0.04797761839077823	1.0072365040625092E-4	1.5545221531371324E-4	6.642602432546514E-5	0.03496138982972355	1.2146066847996815E-4	0.9117825006353943	2.3125185257568393E-4
113	sentinel	0.09224591034492483	1.1725038609538834E-4	0.024482513249523566	1.1243776216780545E-4	1.7353123266883747E-4	7.415133878424242E-5	2.608773024630198E-4	0.00498139963947263	0.8772937824128653	2.58146331034439E-4
114	sentinel	7.764039598950315E-5	5.188273533851171E-5	0.012977644231220902	4.975317225702696E-5	7.678674089992703E-5	3.2811612935835647E-5	1.1543695923101172E-4	5.9996371626365E-5	0.9864438192630718	1.1422851742911586E-4
115	sentinel	0.011326093270602812	6.789755576620507E-5	1.4676680327749337E-4	6.511065320335129E-5	1.0048876545042028E-4	4.293968512944528E-5	1.5106927816604192E-4	0.022527490354654692	0.9654226558112277	1.4948782252190336E-4
116	common	6.579042642067217E-5	4.396406327259133E-5	0.010996913874875553	4.215952761257815E-5	6.506706158406079E-5	2.7803696504723154E-5	9.781823850487307E-5	5.0839344940040275E-5	0.9885128495295311	9.679423675374802E-5
117	common	2.4405336350682223E-4	1.6308721646666967E-4	3.5252799818975725E-4	1.5639318784648368E-4	2.4137000012065487E-4	1.0313940825543041E-4	3.628623709896744E-4	1.8859146848760624E-4	0.9978289112084259	3.590637777110569E-4
118	common	1.4291179607404164E-4	9.549996233228008E-5	2.064319403910874E-4	9.158009972790718E-5	1.413404828353049E-4	6.039596368597216E-5	2.1248350123381923E-4	1.1043464059880258E-4	0.9987286624770021	2.102591361187413E-4
119	abstract	4.5623700796530497E-4	0.35311094705508966	6.590211124609119E-4	2.923637644815374E-4	4.512206883170227E-4	0.3529988797258	0.29048332590025017	3.5255571189111415E-4	5.242098372926597E-4	6.712391964515278E-4
120	gateway	2.8279982504943378E-5	1.8897931018797066E-5	0.014099354867067251	1.812225225106249E-5	2.7969044484975883E-5	1.1951405295638343E-5	4.204712180909324E-5	2.1853267468948434E-5	0.9856899171729404	4.160695515898397E-5
121	gateway	2.5278958883199616E-5	1.689251473611087E-5	3.6514722204049564E-5	1.619914967930061E-5	2.5001017076813847E-5	1.0683142502371952E-5	3.7585152790782535E-5	1.953423591102102E-5	0.9997751194103398	3.7191695876588086E-5
122	eureka	2.935114568800331E-4	1.9613729479415036E-4	4.239687781921715E-4	1.8808670264301E-4	0.04892695227951393	0.16224626748666224	4.363974404030092E-4	2.2681005447152875E-4	0.7866300394548158	4.318290516240913E-4
123	sentinel	0.06206755594813556	2.134388887355279E-4	4.6136776267292245E-4	2.0467814058609636E-4	0.5560492710173762	1.3498274824856073E-4	0.01811722230966617	2.4681734308232864E-4	0.36203474443772116	4.6992140377533043E-4
124	abstract	4.5623700796530497E-4	0.2775096464750786	6.590211124609119E-4	2.923637644815374E-4	4.512206883170227E-4	0.20179627856577778	0.45428614382360755	3.5255571189111415E-4	0.06352529365396858	6.712391964515278E-4
125	client	0.9942907223091857	4.218036707236319E-4	9.11767377547234E-4	4.0449044467749017E-4	6.242718114835376E-4	2.667565364161752E-4	9.38495875807687E-4	4.8776706966171016E-4	7.252535914183468E-4	9.286713130784897E-4
126	package	0.6615683568558874	6.586449402142269E-5	0.21246600951832967	6.316103989677904E-5	9.747982260244599E-5	4.165393882849924E-5	1.46545799127874E-4	7.61646554390231E-5	1.1324809182916572E-4	0.12536151578403767
127	bucket	5.047462357578898E-5	0.18682879214932763	7.290912836797273E-5	0.002820330934799215	4.9919655781501375E-5	2.1331084041285696E-5	0.8099849828474712	3.9004106498417915E-5	5.799462505261018E-5	7.426084508423397E-5
128	deserialization	2.3921627229786077E-4	1.598548588800762E-4	0.27782287604970013	1.5329350463292885E-4	2.3658609266322695E-4	0.6475482104132544	0.07302830588840674	1.8485362148071163E-4	2.7485609669909613E-4	3.519472019848875E-4
129	pub	1.1128672888481957E-4	7.436669826104978E-5	0.09236525484143468	7.131426522961141E-5	1.1006313282629808E-4	0.6762133964365945	0.23067672383615517	8.599646946879116E-5	1.2786686968186488E-4	1.637307214631873E-4
130	h	2.0937563994794467E-5	0.029504606700726414	0.01043869616124886	0.8887796075510738	2.0707355765692974E-5	8.848425318559237E-6	3.1130298737664314E-5	1.617943667562336E-5	2.4056963427768476E-5	0.0711552295430308
131	hive	2.165118934894839E-5	1.4468279204904679E-5	0.026939296748061857	0.8652562782421384	2.1413134818860665E-5	9.150010577151465E-6	0.06520940073845724	0.04187365436295443	2.4876908816366574E-5	6.298103856218148E-4
132	hive	1.3584886461171699E-5	9.078020016332642E-6	1.9622974094590267E-5	0.8858165175134125	1.3435520820758675E-5	0.05140585557765615	0.06267581220878454	1.0497678254199325E-5	1.560884145108987E-5	1.998677904878679E-5
133	table	1.0895185284710729E-5	7.280643116079907E-6	1.5737778833022338E-5	0.9559661464846676	0.012046773689134113	4.604414981016745E-6	0.012052197428730553	0.01956691645156213	1.251841303019837E-5	3.169295106607191E-4
134	hive	3.228984760223747E-5	0.014289918627266128	4.664174741746965E-5	0.8391775044040574	3.19348211704942E-5	1.3646014652281998E-5	0.146298505610234	2.495187810176092E-5	3.71005759336842E-5	4.750647356453908E-5
135	hive	5.005595764663296E-5	3.344959759153115E-5	7.230437758808233E-5	0.8668159473683296	4.950559307849716E-5	2.115415160499639E-5	0.09546212267648287	3.8680583719421034E-5	5.751358385084176E-5	0.03739926611010745
136	jdbc	5.9032940169606724E-5	3.9448413059201635E-5	0.17616350607386702	0.8054327176012374	5.8383873801691234E-5	2.4947914788731297E-5	8.777110189606665E-5	0.014718803744179311	0.0033285360592772957	8.685227772366785E-5
137	jdbc	1.0275934209611897E-4	6.866832248322544E-5	0.011500339568723001	0.6698283440443097	0.07388902294007754	4.342713242800598E-5	0.008666714214307331	7.940695816792394E-5	1.1806902346817881E-4	0.2357032484539389
138	flink	2.7150311233136E-4	1.8143034873977992E-4	0.007890469838199209	1.7398341345357607E-4	0.09024801563642743	0.5999780579290684	0.30033533407864743	2.098031754931965E-4	3.119532169790491E-4	3.994492506606344E-4
139	kafka	8.14842938097238E-5	5.4451397318310906E-5	0.4817051788923861	5.2216401713168646E-5	8.05883751163082E-5	0.5176284536295694	1.2115212683552752E-4	6.296673156820394E-5	9.36242953862938E-5	1.1988385629694156E-4
140	kafka010	3.345332346543986E-5	2.235498551276962E-5	4.832235452365023E-5	2.1437409530614663E-5	3.308550463253012E-5	0.9691892739398935	0.02222343127094022	2.585095041298965E-5	0.008353572022388702	4.921823869948427E-5
141	kafka	9.938251098404905E-6	6.641177506821661E-6	1.4355515182768218E-5	6.3685857411054E-6	9.828980163815832E-6	0.9999043708183106	1.4776347702157902E-5	7.679752255470774E-6	1.1418909251799695E-5	1.4621662787018192E-5
142	flink	0.037762960486120635	1.8143034873977992E-4	3.921783634413529E-4	1.7398341345357607E-4	0.12024118153545885	0.5474900176057634	0.29283704260388954	2.098031754931965E-4	3.119532169790491E-4	3.994492506606344E-4
143	kafka011	8.166808037418556E-5	5.457421160282373E-5	0.49181359560987603	5.233417499966024E-5	8.077014095001312E-5	0.5075185339305387	1.2142538358388114E-4	6.310875205742029E-5	9.383546353655575E-5	1.2015425248071032E-4
144	flink	3.189168632506907E-5	0.08105261343785494	4.6066615012081066E-5	2.0436688183722728E-5	3.15410376711101E-5	0.7812609220989756	0.1365675454412968	2.4644200228048724E-5	3.6643094285600636E-5	9.276957001670341E-4
145	abstract	2.470967657113265E-5	0.17676443994350233	3.5692410431762954E-5	1.5834344727262813E-5	2.4437994015964087E-5	0.8230143073652254	3.673873491499149E-5	1.909432479619745E-5	2.839106716194474E-5	3.635413865296418E-5
146	abstract	5.499796337638986E-5	0.1807879044478971	7.944296138762423E-5	3.5243549582373725E-5	5.439326152300256E-5	0.818719638786168	8.177183507574251E-5	4.2499503092039986E-5	6.319187818967423E-5	8.091581370804942E-5
147	abstract	1.9847283277083392E-5	1.3262829643380554E-5	2.866882448427992E-5	1.2718447544397432E-5	1.962906266952709E-5	0.9954239322859036	2.9509252255910318E-5	0.003304154804396981	2.280424638014548E-5	0.0011254729634445615
148	kafka	3.6810996603450855E-4	2.459873072494251E-4	5.317241589100954E-4	0.07140034455806701	0.010530413169364289	0.8947944169050275	5.473116745489E-4	2.844558176205189E-4	0.020755654253454152	5.415821897236204E-4
149	kafka	0.12919329447349162	4.528044197474578E-5	0.10302402823590556	0.5577160185955028	6.701530948712548E-5	0.14412524676113928	0.039399822734999715	5.236158437672754E-5	0.02627723939853733	9.969246458505419E-5
150	flink	2.0615697730226563E-5	0.024496176891672584	2.9778776853115302E-5	1.3210859466886728E-5	2.0389028416291714E-5	0.8847912819688356	0.09055859805001755	1.5930715532758293E-5	2.368714366472118E-5	3.033086781021761E-5
151	flink	9.30248714998994E-6	0.08735673775782735	0.002582570155729182	5.961178323392411E-6	2.661135047425283E-4	0.8611773072639587	0.02082380824709572	7.188467665411415E-6	1.0688425511689572E-5	0.027760322511996113
152	a	2.8882889846771324E-4	1.930082028347745E-4	4.1720495851035183E-4	1.8508604644693345E-4	0.6464056299915271	1.220620000764505E-4	0.29557065929246373	2.2319162219684426E-4	0.056169389155032313	4.2493983244382274E-4
153	kinesis	0.019532049288674556	1.0981493882598144E-5	2.3737507693354787E-5	1.0530750802084946E-5	0.6939552470657254	0.28638726240514506	2.443337370996543E-5	1.2698825219879234E-5	1.8881694092015638E-5	2.4177595055112114E-5
154	r	2.7674768907498347E-5	0.04052710699349007	3.997540022861355E-5	1.773442197299373E-5	0.06346538784197335	0.7543890827580163	0.08411562811500861	0.006900206749734341	0.05047648641667579	4.0716533992489225E-5
155	writable	1.6812796712270629E-4	1.1235051946938415E-4	0.7245988631903519	1.0773901398713489E-4	1.6627940242896377E-4	7.10525714173968E-5	0.02810982173173918	1.2992035740831253E-4	1.9317664448746728E-4	0.24634266860158752
156	hadoop	6.998686311110867E-5	4.676830726696988E-5	0.007832598717638946	4.484866945509558E-5	0.00200209353994677	2.9577152894808506E-5	0.5799669119972815	5.408212818421616E-5	8.041391093571235E-5	0.4098727187132849
157	hadoop	9.021409301997761E-5	0.012517813767024173	1.3031163825754133E-4	5.781059270539049E-5	8.922219030391716E-5	3.8125383877861395E-5	0.23931868340337953	6.971265643072972E-5	1.0365471059529576E-4	0.7475844515644056
158	hadoop	6.326163337219611E-5	4.227421227701308E-5	9.137959278439211E-5	4.0539037730478483E-5	6.256607258048693E-5	2.6735003105572457E-5	0.18703812450672813	4.8885228071251375E-5	7.268671755674121E-5	0.8125135479957938
159	hadoop	8.355259626070382E-5	5.583352819614284E-5	1.2068929958639781E-4	5.3541802064516055E-5	8.263393661019288E-5	3.531016828740812E-5	0.22626221908566108	6.45650057771801E-5	9.600074550404203E-5	0.7731456538320524
160	execution	0.824717858299596	0.0030240602869566796	0.13752209812515934	3.4664374109791837E-5	5.3499388932949625E-5	0.01795033386739831	0.01651394507537575	4.180108678382175E-5	6.215341338270864E-5	7.958608230474191E-5
161	default	3.4042308282476437E-4	2.2748571132616822E-4	4.917312599235921E-4	2.181484015400762E-4	0.00973838267176236	1.4386622177429685E-4	0.9876849126690712	2.630608657651451E-4	3.9114128346161254E-4	5.008478325507159E-4
162	expression	2.135746042759484E-5	0.19112370610653526	0.7137420084816357	1.3686192530115696E-5	2.1122635442970834E-5	9.025877778075888E-6	3.175460734372781E-5	1.650391032243838E-5	2.453941846073413E-5	0.0949962953095233
163	primitive	1.1629056887693285E-4	7.771048473558262E-5	0.9989998459708351	7.452080365463272E-5	1.150119556662929E-4	4.914556508178977E-5	1.7290264284860926E-4	8.986317107302157E-5	1.3361621070924527E-4	1.710926265187578E-4
164	basic	5.2221745528230256E-5	3.489687253169839E-5	0.9995508682285719	3.3464506043734494E-5	5.164756815202587E-5	2.206943536632215E-5	7.76441108096564E-5	4.035418948806958E-5	6.000204334273127E-5	7.683130016566105E-5
165	enum	1.089428896830805E-4	7.280044157945973E-5	0.9479142549501015	0.033166084649652386	1.0774506410445176E-4	4.604036188681931E-5	1.6197799811008988E-4	8.418527510292276E-5	0.018177686024302517	1.6028234547676016E-4
166	list	1.7631480616151697E-4	1.1782132622785351E-4	0.9984836090709086	1.1298526766406835E-4	1.743762272847715E-4	7.451241201050456E-5	2.621476208524554E-4	1.362467115073324E-4	2.0258320617700588E-4	2.594033512059231E-4
167	map	1.6735090536874441E-4	1.1183125254900504E-4	0.9985607028677789	1.0724106073990468E-4	1.655108844583344E-4	7.07241772976439E-5	2.488199524759827E-4	1.2931988538375416E-4	1.9228381157716188E-4	2.462152023706374E-4
168	composite	1.1591827669429016E-4	7.746170268682466E-5	0.9990030478601206	7.428223303869368E-5	1.1464375683109482E-4	4.898823065761242E-5	1.723491129887724E-4	8.957548346068066E-5	1.3318845228307372E-4	1.705448912382799E-4
169	copyable	1.3542848760696456E-4	9.049928571663923E-5	0.9689134641808482	8.678467937398097E-5	1.3393945324223887E-4	5.723344219478359E-5	0.030123143815814487	1.0465193753471491E-4	1.556054073075909E-4	1.9924931036032382E-4
170	kryo	5.111592069925917E-5	3.4157911631241116E-5	0.7948632760349233	3.27558763091652E-5	0.1002815490716121	0.0014333062599820431	7.599995309933463E-5	3.949966683208543E-5	5.8731466332211335E-5	0.10312960783857915
171	nullable	3.4042308282476437E-4	2.2748571132616822E-4	0.7244228265370506	2.181484015400762E-4	3.3668013569577445E-4	1.4386622177429685E-4	5.061463820798981E-4	0.2729124344116961	3.9114128346161254E-4	5.008478325507159E-4
172	nullable	1.3007680817261612E-4	8.692305759247568E-5	0.9988812777764254	8.335524002906155E-5	1.2864661544990792E-4	5.497176859151843E-5	1.9340023979208597E-4	1.005164440963281E-4	1.4945640370520096E-4	1.9137564614531697E-4
173	pojo	8.759516668590463E-5	0.004896889002137602	0.9895699319346858	5.613234401323784E-5	8.663205902898593E-5	3.701859924486329E-5	0.004968591918699356	6.76888893491919E-5	1.0064560146232893E-4	1.2887448469273575E-4
174	row	1.2135746315488949E-4	8.109640686363288E-5	0.9352756023449174	0.023539065723473876	0.003471637135972267	5.128688561108731E-5	0.03704819014185255	9.377859767817294E-5	1.3943800021481897E-4	1.7854730026126817E-4
175	tuple	1.7050306167997156E-4	1.1393766235741366E-4	0.7677973758515378	1.0926101148764122E-4	1.6862838285413073E-4	7.205631028690918E-5	2.5350662794886535E-4	1.3175570425178702E-4	1.9590559437465704E-4	0.23098706979322087
176	value	2.2029596766671525E-4	1.4721147723330491E-4	0.9616009427011524	1.4116907940980048E-4	2.178738165221331E-4	9.309929361234678E-5	0.03683194703004309	1.702330156289884E-4	2.5311693560724853E-4	3.24110683124072E-4
177	configuration	2.969471948041998E-5	1.9843320633787986E-5	0.3412044311093443	1.902883768950859E-5	2.9368226446800947E-5	1.2549287383355011E-5	0.6585843307989198	2.294650101383825E-5	3.411881060833601E-5	4.368838847988939E-5
178	configuration	0.6000954549116827	1.2845481026230044E-4	0.13299961986464648	1.2318229292509924E-4	0.1913097261542705	8.123722634462231E-5	2.858066869167096E-4	0.07447283678002498	2.2086652853890447E-4	2.8281474438779787E-4
179	memory	0.28684664413201666	3.6460022616597036E-4	7.881168779166114E-4	0.06062353701303904	5.396103909324889E-4	2.305800073805269E-4	8.112205566828949E-4	0.6483660650337035	6.26897397562161E-4	8.027283646000192E-4
180	readable	0.4895933083044028	6.0739028918247295E-5	0.37667161208729405	5.824595308588035E-5	0.007620700487290458	3.841249876208295E-5	1.3514184938823786E-4	0.08290910785035896	1.0443531415136562E-4	0.042808296626347914
181	structured	0.04096129568197757	1.6419391506973662E-4	0.9571711956745549	1.5745446123301097E-4	2.4300792029455394E-4	1.0383930516648455E-4	3.653247300131477E-4	1.8987123718589805E-4	2.823167147622782E-4	3.615003597425246E-4
182	structured	1.1128672888481957E-4	7.436669826104978E-5	0.5933430620404373	7.131426522961141E-5	1.1006313282629808E-4	4.703089192844478E-5	0.3966448317425732	0.009306446908714237	1.2786686968186488E-4	1.637307214631873E-4
183	init	6.260535119020329E-5	4.183565559113119E-5	0.013922558016163178	4.0118481909842006E-5	6.191700621208851E-5	0.022503663058047053	0.9614258676923146	4.837808808077624E-5	0.0018009484591500655	9.210819134092132E-5
184	heap	3.194025860985234E-4	2.134388887355279E-4	4.6136776267292245E-4	2.0467814058609636E-4	3.158907590428803E-4	0.05306197134428031	4.7489277765558834E-4	0.9441114473056486	3.669890315042009E-4	4.6992140377533043E-4
185	hybrid	5.998415440635352E-4	4.00840563460034E-4	8.664536957052017E-4	3.843877827819033E-4	5.932462945094465E-4	2.5349907500868055E-4	8.918538215143967E-4	0.994438150287765	6.892094081040345E-4	8.825175270877412E-4
186	hybrid	0.017166085287773566	4.00840563460034E-4	8.664536957052017E-4	3.843877827819033E-4	5.932462945094465E-4	2.5349907500868055E-4	8.918538215143967E-4	0.977871906544055	6.892094081040345E-4	8.825175270877412E-4
187	hybrid	0.0054433097645680065	1.271052378302576E-4	2.747496463702979E-4	1.2188811463541062E-4	1.881164688140663E-4	0.042105199440195244	2.828039435802111E-4	0.9509584378892475	2.1854605974938658E-4	2.798434350096466E-4
188	time	0.9948313419156263	3.818624825714628E-4	8.254308307003371E-4	3.6618867046840897E-4	5.6515862776519E-4	2.4149698143520316E-4	8.49628369530745E-4	4.4157971365703646E-4	6.565782996571799E-4	8.407341085881738E-4
189	s	0.3389352680067036	3.1905831857444825E-5	0.08314256233005884	0.1569473866843143	0.013233505722816289	0.1490251973478141	0.16358092207338323	3.6895397528253884E-5	0.09499611058155005	7.024602397386095E-5
190	stream	0.25877882840170136	0.037570220175344546	1.0329010879608685E-4	4.58229402219988E-5	0.13238667916255317	0.4976962115568072	0.004056048156912413	0.06917553363271463	8.216078377784796E-5	1.0520508117073182E-4
191	prometheus	0.7394547669557792	0.01323564364039117	0.05288384117277179	3.063663305865969E-5	4.728316000773566E-5	0.011903530600412241	0.013274778580906395	0.01588137893034151	0.15057706241543625	0.0027110779108950557
192	azure	6.788737681253072E-5	0.0019202585368925812	9.80613448886403E-5	4.350328600962038E-5	6.714095603510676E-5	2.868988884991178E-5	0.9206734966894968	5.2459756755160415E-5	0.07694862278695075	9.987937730888879E-5
193	azure	2.1634715530433524E-4	1.445727067313293E-4	3.1250718481228316E-4	1.3863861908470463E-4	0.04203904406752851	9.143048575608375E-5	0.9563233974025259	1.671815833049162E-4	2.4857980633048477E-4	3.183009886214652E-4
194	presto	1.1026998990793733E-4	7.368726845426387E-5	1.5928179904622878E-4	7.066272309342634E-5	0.09147116220752607	4.6601207801502056E-5	0.8955125765710781	8.521078762460938E-5	0.012308312602335222	1.6223484313256472E-4
195	avro	7.98185602792161E-4	5.333828074018964E-4	0.1113732080904305	0.22095199405831428	7.894095630313382E-4	3.373212709182196E-4	0.6625082678422939	6.167954122542994E-4	9.171039123613601E-4	0.0011743314402020888
196	avro	8.472563824133793E-5	0.11471305264112658	0.8846148841056092	5.4293505594404075E-5	8.379408101033049E-5	3.580590763720814E-5	1.2597140860550322E-4	6.547147027554467E-5	9.734855406641194E-5	1.2465268783343268E-4
197	avro	4.616310365325773E-5	3.0848220938621477E-5	0.526608121935671	0.00895401323202256	4.5655540961414155E-5	1.9508992318796727E-5	0.20023087860714986	0.005135347363244105	5.3040749944683726E-5	0.2588764222540958
198	avro	4.984921841938625E-5	3.331144532588867E-5	0.48880787338641435	0.1556013893455029	0.009686346404308094	0.005527949797161716	0.0028275581080879097	0.049600467967350494	5.727604341728437E-5	0.28780797828401194
199	csv	2.1129714441910013E-4	1.4119806683059156E-4	3.052125907012758E-4	0.5486762679193192	2.089739352127657E-4	8.929630031851214E-5	0.44965082626971814	1.632792032883496E-4	2.4277741560317103E-4	3.108711545889431E-4
200	abstract	4.089693631992135E-5	2.732913577011272E-5	5.9074437187803114E-5	2.620739231913248E-5	4.044727506571689E-5	1.7283456990252857E-5	0.9996499987267542	3.160297881738673E-5	4.698999853090514E-5	6.0169662244499235E-5
201	orc	3.31084800401987E-4	2.2124545933772217E-4	4.7824238207438237E-4	0.2653823832700196	3.274445275602222E-4	1.3991976961576956E-4	0.7319963144495514	2.558447374153534E-4	3.804117296902769E-4	4.871088743332379E-4
202	parquet	3.1660971959545313E-4	2.1157257221604263E-4	4.5733354809217953E-4	0.22754772607290474	3.131286000687255E-4	1.3380245474912275E-4	0.7699455754046204	2.44659164282678E-4	3.637800675894062E-4	4.6581239588121455E-4
203	parquet	3.054645844490747E-5	2.0412490158348077E-5	0.47247295976025605	0.03292086860101553	3.0210600553049914E-5	1.2909240844036891E-5	0.15274116582541883	0.3307237900811212	0.010158572509883418	8.885644323046087E-4
204	continuous	3.228984760223747E-5	0.23812452006674853	4.664174741746965E-5	2.0691836117431302E-5	3.19348211704942E-5	1.3646014652281998E-5	0.7446770616496471	2.495187810176092E-5	3.71005759336842E-5	0.016991161562609023
205	serialize	1.8071467484556485E-4	0.30955802812642885	2.610371012773975E-4	1.1580477188936015E-4	1.7872771947295357E-4	7.637184080900015E-5	0.5792158334021096	0.10993996710759663	2.076385927561437E-4	2.658766628146059E-4
206	type	1.396057407932153E-4	0.17745040549008956	0.12358051889492279	8.946152812891063E-5	1.3807077758697038E-4	5.899879144288346E-5	0.443600354955462	0.06565290057621923	1.6040501184397095E-4	0.1891292782335104
207	lockable	1.834616034143956E-4	1.2259713121523706E-4	0.9984221432260244	1.175650464026594E-4	1.8144444559982611E-4	7.753272047498032E-5	2.7277359116853147E-4	1.417693765898232E-4	2.1079477463744963E-4	2.6991808447278035E-4
208	n	4.1601761251045806E-5	0.0011767450878635546	0.816959956965192	2.6659055087751323E-5	4.114435045638568E-5	1.7581323101480693E-5	0.029934423033586087	0.11607558828732781	4.779983235852979E-5	0.03567850030377533
209	c	1.8593682922159747E-5	0.9510417508943473	2.6858035166316486E-5	1.1915120956413278E-5	1.838924563332093E-5	7.857877581871763E-6	0.04881154707973314	1.4368209954152136E-5	2.1363877390757147E-5	2.735597631460471E-5
210	gather	0.005299243425492203	2.5459963158804894E-5	0.0011072627748422899	2.441494120217133E-5	0.0042465957928197184	1.6101357244887796E-5	0.014787849537475164	2.944149727848635E-5	4.3776123822308725E-5	0.9744198545866639
211	degree	1.1162982129642139E-4	7.459596773554082E-5	1.6124603600805405E-4	7.153412417851235E-5	1.104024529415376E-4	4.717588623543188E-5	1.659729702010061E-4	8.626159304996702E-5	1.2826107798615005E-4	0.9990429200703674
212	from	2.0766168943489659E-4	1.38768695542918E-4	2.999612815216978E-4	1.3307283758620306E-4	2.0537845200627706E-4	8.775992044477388E-5	3.0875465885542525E-4	1.6046991689196535E-4	2.386003294999344E-4	0.9982195722182159
213	graph	7.066984339634172E-5	4.722470480240954E-5	1.0208053708794539E-4	0.019562671593659882	6.989282943697204E-5	2.9865787238776866E-5	1.0507303224095378E-4	5.460989904993744E-5	8.119864557570312E-5	0.9798767131275111
214	graph	7.384042170427217E-5	4.934342500113986E-5	1.0666034540502004E-4	4.731808968466437E-5	7.302854727987046E-5	3.120570554929959E-5	0.4834245047575515	5.705995345793923E-5	0.03067438068737315	0.4854626580669931
215	graph	1.1666526012986506E-4	7.796086994886985E-5	1.6851958121330684E-4	7.476091163209407E-5	1.1538252719403555E-4	4.930391337722243E-5	1.7345973968380313E-4	9.015271255937756E-5	0.045242412706732175	0.9538913817775293
216	graph	2.5438799005373057E-5	1.6999326952219622E-5	3.674560662002539E-5	1.6301577713453792E-5	2.515909975903515E-5	1.0750692547081676E-5	3.782280559293092E-5	1.9657751862330927E-5	2.922881847528988E-5	0.9997818955214722
217	graph	3.296600476708255E-5	2.20293376753243E-5	4.761843681178662E-5	2.112512813593039E-5	3.2603543996580874E-5	1.3931765476887381E-5	4.90143732499966E-5	2.547437642267829E-5	3.787747090533162E-5	0.9997173595625584
218	join	2.8017394050645595E-5	1.8722457837553596E-5	4.0470312300742406E-5	1.795398148900777E-5	2.7709343187133424E-5	1.1840432771425521E-5	4.1656701174229324E-5	2.165035306739164E-5	3.219158753068569E-5	0.9997597874365911
219	join	7.831207842160176E-5	5.233158315042668E-5	1.131195237113576E-4	5.0183596797246195E-5	7.745103819289244E-5	3.3095472693336114E-5	1.164356272123141E-4	6.0515412111636835E-5	8.9979464994562E-5	0.9993285762027146
220	map	7.537759904607908E-5	5.037063466663548E-5	1.0888075344768441E-4	4.830313681253911E-5	7.454882337787649E-5	3.185533216841065E-5	1.1207259722361782E-4	5.824780241052757E-5	8.660778990217583E-5	0.9993537355309444
221	map	7.537759904607908E-5	5.037063466663548E-5	1.0888075344768441E-4	4.830313681253911E-5	7.454882337787649E-5	3.185533216841065E-5	1.1207259722361782E-4	5.824780241052757E-5	8.660778990217583E-5	0.9993537355309444
222	reduce	2.5949265462960718E-5	1.7340443142840148E-5	3.7482960598067844E-5	1.662869255196166E-5	2.5663953644919334E-5	1.0966420810824149E-5	3.858177513323714E-5	2.0052213210729566E-5	2.981533717939233E-5	0.999777518938265
223	reduce	2.3925949259308147E-5	1.5988374058668795E-5	3.456033908312773E-5	1.5332120086973587E-5	2.3662883775189422E-5	1.0111347014832329E-5	3.557347684810133E-5	1.848870198278068E-5	2.7490575620398033E-5	0.9997948662322705
224	scatter	0.012668213524702088	1.2752549744590265E-5	2.756580761309691E-5	1.2229112440182786E-5	0.05957519357699474	8.064951152525114E-6	2.837390039967665E-5	1.4746846107248654E-5	2.192686584765427E-5	0.9276309328649982
225	value	3.0649886231225854E-5	2.0481605164728648E-5	0.9997363964463871	1.96409233864112E-5	3.0312891152275556E-5	1.2952950467722321E-5	4.557073186215479E-5	2.36846031141192E-5	3.521628362846721E-5	4.5093678605623575E-5
226	adamic	0.819813820929284	2.0442265895288632E-4	0.06803015965389211	1.9603198824740643E-4	3.0254668811645786E-4	1.2928071577401242E-4	4.548320360033714E-4	2.3639111807359183E-4	3.5148643281961454E-4	0.11028102777883651
227	clustering	0.8039148082301926	1.271052378302576E-4	0.016034055537139203	1.2188811463541062E-4	1.881164688140663E-4	8.038373147816728E-5	0.06332002750665583	1.4698247952360936E-4	2.1854605974938658E-4	0.11584808663398162
228	connected	0.817389127646361	2.410853900652803E-4	0.030412409429278184	2.311898719739803E-4	3.568077369266852E-4	1.524669131589747E-4	5.364051097649133E-4	2.7878731839543443E-4	4.145247116588015E-4	0.14998719587241677
229	edge	0.8956973793742579	0.0011325047757342718	5.783332778773791E-5	2.565679475939496E-5	3.959750830227748E-5	1.6920344585677054E-5	5.95287141760173E-5	3.0939024052051817E-5	4.600277407880663E-5	0.10289363736226594
230	graph	0.7422316679981072	1.2644103020620308E-4	2.733139005824718E-4	1.2125116987684303E-4	1.871334377845868E-4	7.996367414450296E-5	2.813261088454262E-4	1.4621440036992106E-4	2.1740401429500123E-4	0.25633528426578783
231	h	0.8775835619520885	2.8680843918788506E-4	0.10730089904795281	2.75036186634743E-4	4.244781074887782E-4	1.813830252388152E-4	6.381370196776468E-4	3.3166072665257563E-4	0.012346578757478736	6.314567375994218E-4
232	jaccard	0.7691333135995057	1.841926084714091E-4	0.10697248069003491	1.7663229430670992E-4	2.7260609931406733E-4	1.1648685319641751E-4	4.098210029991392E-4	2.1299740880233257E-4	3.1670267491372634E-4	0.1222047667684557
233	page	0.810345873571472	2.6483407994151297E-4	0.186641956743887	2.5396378029977847E-4	3.919559318771041E-4	1.6748602914944818E-4	5.892449711782659E-4	3.062499264124816E-4	4.5535845451046914E-4	5.830765112719048E-4
234	long	1.650622282358286E-4	1.1030185759359512E-4	0.9985803865762519	1.0577444086782064E-4	1.632473712991208E-4	6.97569593016089E-5	2.4541711139669357E-4	1.2755131733294532E-4	1.8965415408223006E-4	2.428479836382363E-4
235	triangle	0.79004300453131	0.03888375561867234	0.04386576586581204	1.1243776216780545E-4	1.7353123266883747E-4	7.415133878424242E-5	2.608773024630198E-4	1.3558648540051109E-4	2.0160152581171923E-4	0.12624928833690954
236	community	2.4405336350682223E-4	1.6308721646666967E-4	3.5252799818975725E-4	1.5639318784648368E-4	2.4137000012065487E-4	1.0313940825543041E-4	3.628623709896744E-4	1.8859146848760624E-4	2.804138457447682E-4	0.9979075611403921
237	label	2.57963133004304E-4	1.7238233765017212E-4	3.726202563982417E-4	1.6530678429384484E-4	2.55126831893193E-4	1.090178168719935E-4	3.8354363457584497E-4	1.9934019908553907E-4	2.963959731867574E-4	0.9977883030330401
238	summarization	0.0019537699054617075	0.06226707323889456	9.861602845178809E-5	4.3749362154301615E-5	6.752073855561977E-5	2.8852173079152723E-5	0.03781147744144814	5.2756495136954625E-5	7.84428469007908E-5	0.897597741769917
239	triangle	0.4140986386515134	3.1275935298934334E-4	6.760580688860438E-4	2.999219270678004E-4	4.6288560626823793E-4	1.9779486885941627E-4	6.95876739045966E-4	3.6166995146151413E-4	5.377616643687767E-4	0.5823566331695393
240	runner	0.6041869609498507	1.2385219674078797E-4	0.09240355842008757	1.1876859688779043E-4	1.8330194965573453E-4	7.83264474048502E-5	2.755660605123312E-4	1.4322071444229179E-4	2.1295274727507407E-4	0.30227349191714287
241	euclidean	2.935114568800331E-4	1.9613729479415036E-4	4.239687781921715E-4	1.8808670264301E-4	2.902843024352204E-4	1.24040896399896E-4	0.6246069698129131	2.2681005447152875E-4	3.372404920433684E-4	0.3733129502092275
242	incremental	1.1742193320662112E-4	7.846651225631532E-5	1.6961257350482854E-4	7.524579949813727E-5	1.1613088066068549E-4	4.962369103673932E-5	0.4120258961276853	9.073742929779888E-5	1.34916132243076E-4	0.5871419489206104
243	music	1.713097425355641E-4	1.1447672206724576E-4	2.474519496010836E-4	1.0977794511546774E-4	1.6942619426477438E-4	7.239722173718088E-5	0.7856307614871443	1.3237906434390384E-4	1.9683245921173627E-4	0.21315518721397878
244	page	0.18560250866382177	8.630298407196839E-5	1.865518271256494E-4	8.276061785895942E-5	1.277289031425779E-4	5.4579622491011205E-5	0.007325611362027141	9.97994009194544E-5	0.017982367143881385	0.78845178947466
245	single	2.1253741524563394E-4	1.4202687047360532E-4	3.0700412590246504E-4	1.3619727845294523E-4	2.1020056927856395E-4	8.982045125536901E-5	0.7281705280424532	1.6423761866577916E-4	2.4420246915390263E-4	0.2703232451591186
246	gather	1.7892863651644818E-4	0.005061165387404382	2.584572207635357E-4	0.0050562576352775465	1.7696131861078178E-4	7.561704303141714E-5	0.15345555282446757	1.382665406870281E-4	2.05586460102372E-4	0.8353932069331389
247	savepoint	3.8669443176978756E-5	2.5840626654068737E-5	5.585688801175576E-5	0.020316040432833957	0.004310088579018368	1.6342095964307786E-5	0.8138438345973201	2.988169050225202E-5	4.443064057079584E-5	0.16131901500594728
248	union	0.09465387185525612	4.9749240020452455E-5	0.05767762181580599	0.20976729992360496	7.362915579709573E-5	3.14623505632981E-5	1.1069001960950822E-4	0.20360889859337064	0.02064628373751092	0.413380493308461
249	timestamp	6.914838662484542E-4	4.6208000315029005E-4	0.5930118391071553	0.4014841853969367	6.838810106182154E-4	2.9222804290934964E-4	0.0010281090643563574	5.343419811857584E-4	7.945051337092909E-4	0.0010173463937303063
250	kv	3.6123278332878744E-5	0.14867277629700648	0.1666583696355484	2.314835809991529E-5	0.08982349349731092	1.5266061069447936E-5	0.48889822002407923	2.791414963307275E-5	0.10579154228620426	5.3146412715384826E-5
251	message	0.601960172784754	3.894051841175976E-5	0.08859915878496592	3.734217765654506E-5	0.0950100709392751	2.4626712707242823E-5	0.21413196909223348	4.5030197400194844E-5	6.695472986607832E-5	8.573406272962522E-5
252	channel	0.34487819083499066	8.59962530339325E-5	1.858887998132447E-4	8.246647681045059E-5	1.272749394764382E-4	5.438564004136249E-5	0.33427848339011124	0.31997011568842143	1.4786284636732102E-4	1.89335130933885E-4
253	channel	1.4697238826161976E-4	9.821342904121116E-5	2.1229734791828938E-4	0.020389378743737866	1.4535642886744494E-4	0.5033829865360308	0.3574139801938955	0.10970763383898458	1.6886918507714793E-4	0.008334311908185642
254	conjunct	0.9716452130978044	3.743438039820257E-5	8.091785163277503E-5	0.006224364064430274	5.540309410503304E-5	2.3674202836544003E-5	0.0016304065128645744	4.328852330779406E-5	6.436506059736362E-5	0.020194933212023078
255	asynchronous	0.25024187383081176	2.996942360198957E-5	6.478166185066653E-5	2.873930769426485E-5	4.4354915947115594E-5	1.895322443434585E-5	0.07809842641282434	0.5896078457017845	0.08179907282364847	6.598269740260427E-5
256	buffer	6.473187753212613E-5	4.3256694239662456E-5	9.350331778905004E-5	4.148119303528625E-5	0.0018517657182312622	2.7356343088219103E-5	9.624437140471502E-5	0.9922488109315203	7.437600719875116E-5	0.0054584735459605955
257	netty	0.9699168456221828	2.3235133720038206E-5	5.022487571654894E-5	2.2281431440451066E-5	3.438812894298936E-5	1.4694333464881385E-5	5.1697220018702594E-5	0.02979552649327333	3.9950729088330645E-5	5.115603215193467E-5
258	bound	6.750766781076959E-5	4.5111599673188875E-5	0.04670767560801177	4.325996258073525E-5	6.676542192861478E-5	0.022401407536044464	0.12315120109818008	0.8054757785153007	7.756535077439745E-5	0.0019637272396952755
259	bind	7.68168239401755E-5	5.133238818838591E-5	1.1095967202340197E-4	4.922541448977123E-5	7.597222401399186E-5	3.246356309705114E-5	0.174077539627361	0.8253244120118858	8.826143884864448E-5	1.1301683615171132E-4
260	recover	0.03988476203475813	0.022293186260716576	6.128964971549376E-5	2.7190134543131734E-5	0.011760296793271676	1.793156355324717E-5	0.18052541146892656	0.7453187540895233	4.875206074219469E-5	6.242594424964459E-5
261	pipelined	2.2127515492015675E-5	1.4786581332303864E-5	3.196255371868731E-5	1.4179655781806294E-5	2.1884223762514613E-5	9.351310800293761E-6	0.04525511961297614	0.9545726092140078	2.542420078434855E-5	3.255513134405536E-5
262	leader	0.8347036688207744	5.853495196897296E-5	1.2652867520105643E-4	5.613234401323784E-5	8.663205902898593E-5	3.701859924486329E-5	1.302378685307264E-4	6.76888893491919E-5	0.16460468330719571	1.2887448469273575E-4
263	connection	0.8105539322493482	1.4632124881716615E-4	3.162868191369427E-4	1.4031539104030207E-4	2.1655627344569745E-4	0.07870712279006839	0.048703765853244506	1.6920356961889406E-4	0.060724345108873715	3.2215069640622993E-4
264	s	0.9998350401135601	1.2187300984582225E-5	2.6343970499422208E-5	1.1687064710022426E-5	1.803727418893226E-5	7.707477256732309E-6	2.711624508064428E-5	1.4093201413199314E-5	2.09549712869993E-5	2.683238101939222E-5
265	binary	0.16919829342206036	0.0692295083092982	0.08208006242604257	2.9733666214257634E-5	4.5889562816301655E-5	1.9608991803487736E-5	6.898784256071218E-5	0.6535772627006248	5.3312627014263725E-5	0.025697340451565083
266	driver	0.2088665490036418	0.0917080773378118	0.04717852595033864	2.9544367513013552E-5	4.55974079713798E-5	1.9484151608728096E-5	6.854863304970637E-5	0.6519628688970366	5.29732134020644E-5	6.783103762626568E-5
267	unary	0.1668595922491862	0.0705543210695472	0.07059243813095305	3.1467610566108715E-5	4.856565219192284E-5	2.075250704772788E-5	0.0014291937465643009	0.6903350008157318	5.642159877131531E-5	7.224661944034545E-5
268	bit	2.4080718985287807E-4	0.006811458680117232	0.02029946109456631	1.5431298932453458E-4	2.3815951810153584E-4	1.0176754259067874E-4	3.580359090561495E-4	0.7916004262970717	2.7668403835683444E-4	0.17991888674096218
269	asynchronous	0.5403306900603789	2.0102591001422638E-4	4.345359690167545E-4	1.927746612395612E-4	2.975194805308668E-4	0.32414505034236907	0.033679881362113744	2.3246317151650215E-4	3.456460275839672E-4	0.1001404130152363
270	job	0.8966888929423336	2.678458827919779E-5	5.789734776871472E-5	2.568519616002767E-5	3.964134170812168E-5	1.693907496450761E-5	0.05983618200417935	0.0011379471133585164	0.025506452032118557	0.016663578359129412
271	job	0.8714047736981849	6.182541783775852E-5	1.3364131941049243E-4	5.928775041398779E-5	9.15019670717668E-5	3.90995514491128E-5	0.11000977879379235	7.149393185127812E-5	1.063032624890387E-4	0.018022294307499152
272	savepoint	0.29058755234841266	2.340881940285527E-4	5.060031327323955E-4	2.2447988073199808E-4	3.4645184733079923E-4	1.4804175541632098E-4	0.5422970346188406	2.706958719629557E-4	0.16487026804828822	5.153843022554066E-4
273	savepoint	0.576092033660545	2.0793617105837337E-4	0.00904321739666583	1.9940128579640614E-4	3.0774670584745304E-4	1.3150272659318837E-4	0.412962374113268	2.404540877034537E-4	3.5752760185122766E-4	4.5780625067109976E-4
274	rest	0.8475744993753753	7.2697058451840365E-6	0.0021188496717989406	6.9713156951630466E-6	1.075920564925335E-5	4.597498046185376E-6	1.6174797488925725E-5	8.406572449511308E-6	0.15023646638462812	1.6005473023407692E-5
275	rest	0.9881809222274243	4.519586313462723E-5	0.001965584023578327	4.33407673895905E-5	6.689013232675748E-5	2.858270979351436E-5	1.0055894270111183E-4	5.2263778748509E-5	0.00941715530477768	9.950625012566648E-5
276	array	1.5925436293294154E-4	1.0642078596134644E-4	0.9986303369715388	1.0205267052935897E-4	1.5750336339562221E-4	6.730249695796546E-5	2.367818861168119E-4	1.230633077004984E-4	1.829809994010218E-4	2.343031554657153E-4
277	file	3.372523366757456E-4	2.2536687896862348E-4	4.871512091649382E-4	2.1611653813540267E-4	3.335442518571982E-4	1.425262325324406E-4	0.9971137508609877	2.606106816584706E-4	3.87498141204727E-4	4.961828688146286E-4
278	checkpoint	4.971233840337572E-5	0.002779100861477164	0.05773530662322469	0.0014047968816688731	4.916575192410906E-5	2.1008934653648208E-5	0.8993499030574297	0.01925958125091657	5.711877022447281E-5	0.019294305530077282
279	f	3.541661635266691E-5	2.366694437080733E-5	5.115827410062011E-5	2.26955181216941E-5	3.502721114137579E-5	1.4967418602782561E-5	0.9977406490513253	2.736807881209517E-5	0.0019969441516676386	5.2106735504902356E-5
280	heap	2.543391318358794E-4	0.2811404331229913	3.6738549192302745E-4	1.629844680292978E-4	2.5154267656793584E-4	1.0748627749610675E-4	0.6676830276066391	1.9653976358924692E-4	2.9223204735504856E-4	0.049544029413573096
281	java	2.2029596766671525E-4	1.4721147723330491E-4	0.998105350229185	1.4116907940980048E-4	2.178738165221331E-4	9.309929361234678E-5	3.275395020104871E-4	1.702330156289884E-4	2.5311693560724853E-4	3.24110683124072E-4
282	memory	3.8782372580908295E-4	2.591609106021118E-4	5.602001125714766E-4	2.485234701552786E-4	3.835596092602692E-4	1.6389821067246615E-4	0.9752593558317356	2.996895634369127E-4	4.4560394850755444E-4	0.02199218461724915
283	ttl	2.1506215659459091E-4	1.4371401394494776E-4	0.998150363485911	1.3781517194303095E-4	2.126975511309994E-4	9.088743236551527E-5	3.1975778957000296E-4	1.661886045965175E-4	2.471033610776973E-4	3.1641043286576985E-4
284	ttl	2.215459332701896E-5	0.15787440335904637	3.200166686522157E-5	1.4197007679257307E-5	0.015318383744488623	9.362754165953414E-6	0.8266543266996957	1.711989226147843E-5	2.5455312831888523E-5	3.2594969638389065E-5
285	void	2.1129714441910013E-4	1.4119806683059156E-4	0.8464586752154287	1.354024936338899E-4	0.1519330430955087	8.929630031851214E-5	3.1415991038008805E-4	1.632792032883496E-4	2.4277741560317103E-4	3.108711545889431E-4
286	rest	0.0577507706240291	0.0017377999370416718	0.2036981570190979	3.936970269168145E-5	6.076137505918199E-5	2.5963840847071446E-5	0.41918738755920715	4.7475149952393576E-5	0.22743443487832224	0.0900178799137516
287	history	0.6635517265523082	1.6602736100664297E-5	3.588833906694441E-5	1.5921265210185548E-5	0.003455424683058629	0.002069011405067335	0.20863277483899445	1.9199140496559933E-5	0.12079455632394318	0.0014088947157538702
288	scala	1.9855190833475395E-4	1.326811382116239E-4	0.9379733422687306	1.2723514829414328E-4	1.9636883282444964E-4	8.391003524547012E-5	2.9521009334853654E-4	1.5343036222002773E-4	2.2813332050043505E-4	0.06061113689228994
289	scala	0.1699710711294227	1.244894154590807E-4	0.8286130112387252	1.1937966051906908E-4	1.8424503695247942E-4	7.872943644934975E-5	2.7698384603818787E-4	1.4395758405374398E-4	2.1404838772592162E-4	2.740842646542691E-4
290	scala	0.09217825869543322	1.1131676349067787E-4	0.9019550628879313	1.0674768924404395E-4	1.647494377504872E-4	7.039880478728162E-5	2.4767523541233106E-4	1.2872493840303503E-4	0.0047919830788693985	2.450824686783451E-4
291	state	1.3442294394573674E-4	8.982733711331352E-5	0.052168505373453855	8.614031137003888E-5	1.3294496551978182E-4	5.680848932093746E-5	0.9468752557173573	1.0387490683546761E-4	1.5445005193343196E-4	1.9776990315008975E-4
292	rock	0.049065160582150866	0.21119254947037555	0.00795048311772814	1.835158185993854E-5	2.8322981178026838E-5	0.03323039223543228	0.6873448090619065	0.011094893008214143	3.290448718199074E-5	4.213347397248154E-5
293	rock	3.8782372580908295E-4	0.010969960179061121	5.602001125714766E-4	2.485234701552786E-4	0.07535915448847334	1.6389821067246615E-4	0.9109945602209816	2.996895634369127E-4	4.4560394850755444E-4	5.705860803311313E-4
294	rock	1.4939803830326984E-4	9.983435533262002E-5	2.1580112898159727E-4	9.573658454252897E-5	0.23533147598631815	6.313711494777511E-5	0.5613622325852746	0.2022909259567168	1.7165622249731052E-4	2.1980202708533333E-4
295	rock	3.3414011096739686E-4	0.06482055628692814	0.018939018299306363	2.1412217553849942E-4	3.30466245027849E-4	1.4121097461792528E-4	0.9140867539471325	2.582057190381297E-4	3.839222381023737E-4	4.916040033408162E-4
296	rock	0.0033588972550733444	0.028694969621031432	3.4883039134245606E-5	1.5475280601802776E-5	0.026034917468151602	1.0205759635921164E-5	0.9097551333539023	0.031365291617003625	6.946968436483733E-4	3.552976181722404E-5
297	union	1.0246853877360923E-4	6.847399488320428E-5	0.99911872198316	6.566343197449026E-5	1.013418985944769E-4	4.330423601645323E-5	1.5235183157063866E-4	7.918224081576317E-5	1.1773489458403406E-4	1.5075694962735287E-4
298	checkpoint	0.5096754586562598	6.0739028918247295E-5	0.11058311992518828	5.824595308588035E-5	8.989410534406914E-5	3.841249876208295E-5	0.37667546094670773	7.02376489486807E-5	0.0026147041081334955	1.3372712865170627E-4
299	stream	0.4478244499305901	0.13998118516328603	0.09808579043242856	6.492845604497737E-5	1.0020757079773591E-4	4.2819528315972355E-5	0.08969527221164167	0.008473104603992575	1.1641707870111434E-4	0.2156158250242012
300	bucket	3.339162216903458E-5	2.2313753986440582E-5	4.82332287923146E-5	0.011087795468040739	3.3024481741032984E-5	1.4111635675559395E-5	0.9886478325788142	2.5803270930398396E-5	3.8366499250535835E-5	4.9127460599733436E-5
301	two	9.54457743142247E-5	6.378107407635762E-5	0.5958722302616359	6.11631353774002E-5	9.439634933405217E-5	0.1713798651271668	0.23210927231862732	7.375542168404947E-5	1.0966583804033824E-4	1.4042469974344144E-4
302	stream	0.22994859331100748	0.6424499355928871	1.5411890237507377E-4	6.837228978580207E-5	1.0552262423378658E-4	0.07371236555656263	0.029625546849037395	0.023655976754907344	1.2259189153451076E-4	1.5697622766883948E-4
303	buffer	1.689122788140697E-4	1.1287463111754485E-4	0.6673345020460295	1.082416131069137E-4	1.670550906240323E-4	7.138402943367927E-5	2.511414270183944E-4	0.3313432987016251	1.9407780747279795E-4	2.4851237475802203E-4
304	interval	1.7651020725946967E-5	0.9364620145519487	2.5496386991405092E-5	1.1311048372410709E-5	1.7456947995033087E-5	7.459499048156399E-6	2.6243814627147967E-5	0.06338611687483672	2.028077192611623E-5	2.5969083528478037E-5
305	internal	8.518956463263395E-6	0.976392721997005	1.2305385287492621E-5	5.45907968352145E-6	8.425290653731392E-6	3.6001967600426028E-6	1.2666118164485596E-5	6.582996793420212E-6	0.023537186455184583	1.2533524004351092E-5
306	stream	2.830208722949878E-5	0.9997346197900014	4.0881543332338434E-5	1.813641730205795E-5	2.7990906168387815E-5	1.1960746974759391E-5	4.2079987460469616E-5	2.1870348825273607E-5	3.251869594661741E-5	4.163947675913763E-5
307	timer	1.4014608656628169E-4	0.3600513197921351	0.6388370092092742	8.980779009709229E-5	1.386051822656692E-4	5.922714700613646E-5	2.0837140093315522E-4	1.082974472818008E-4	1.6102586145685997E-4	2.0619008298364725E-4
308	checkpoint	1.1337751235195178E-4	0.00320698996201741	0.03147603162572323	7.265407176545697E-5	1.1213092815787055E-4	4.791447806916284E-5	0.5888390801583149	0.3758347453245088	1.3026915016763142E-4	1.668067889235865E-4
309	window	9.247841599773813E-6	0.8576531943091056	1.335823870607336E-5	5.926160605639522E-6	9.146161708157752E-6	3.908230956275926E-6	0.014827188442526045	7.1462404884797415E-6	1.0625638551211911E-5	0.12746025873575273
310	window	1.1818848569196363E-4	0.17634006166525276	0.8227224400775343	7.573701824272551E-5	1.1688900491195989E-4	4.9947643833778915E-5	1.7572449535474769E-4	9.132978031810976E-5	1.3579689015311437E-4	1.7388493870652748E-4
311	stream	1.8439589824740396E-4	0.320956427894385	0.6775809014213091	1.1816375705029444E-4	1.8236846787395328E-4	7.79275628767729E-5	2.741627153888963E-4	1.4249134998132088E-4	2.1186826612070066E-4	2.7129266676665043E-4
312	local	0.6839386408545349	0.002261105099884647	8.432650119313603E-6	0.3103692869087603	5.7736939215266645E-6	2.46714742601219E-6	0.001298510693724364	4.511204435987824E-6	0.0021026827578827915	8.58898931008173E-6
313	flink	0.0010526503617999312	1.250862232953072E-5	0.3314021544715052	0.6239897876059848	1.8512831591586426E-5	7.910686889564566E-6	0.04293599750987054	5.314306318098717E-4	2.150745452884372E-5	2.7539823690105677E-5
314	table	1.9964668029280437E-4	1.3341271309647164E-4	0.08850889742975507	0.9099019831564651	1.9745156777982892E-4	8.437269689579728E-5	2.968378174769118E-4	1.5427634380479703E-4	2.2939119791937039E-4	2.93730396513884E-4
315	expression	5.1996769365017165E-5	3.47465335414769E-5	0.894722527616777	0.10486359585128868	5.142506559864323E-5	2.1974358174957294E-5	7.730961271945745E-5	4.018033986606313E-5	5.974354892896458E-5	7.650030373972582E-5
316	value	3.735302127427838E-5	2.4960935504878077E-5	0.8985815022270851	0.1011211804762624	3.694232531741922E-5	1.578576281606494E-5	5.5537058241909925E-5	2.886442962040159E-5	4.291809051594466E-5	5.4955673361530825E-5
317	field	1.825367285989297E-4	1.2197908909089551E-4	0.7866978248582374	0.2118492451019594	1.8052973977027772E-4	7.714185906743069E-5	2.7139847277808486E-4	1.4105468248723184E-4	2.0973210662046071E-4	2.68557361390012E-4
318	field	3.222451637833043E-4	2.1533842445812498E-4	0.7302384321031582	0.2671966064108121	3.187020826249843E-4	1.3618405019382237E-4	4.791191667682018E-4	2.490139360411794E-4	3.702551128601966E-4	4.741035492998524E-4
319	csv	9.910306371945173E-5	6.622503608671871E-5	0.10414910102249123	0.719894157437069	0.07399697756245441	4.1881952378987544E-5	0.10141629884287978	7.658158056055538E-5	1.1386801158298086E-4	1.4580549077682022E-4
320	user	7.747427184751749E-5	5.1771723863336536E-5	0.7361553583007371	0.24825034462389117	7.662244329060519E-5	3.274140720109328E-5	1.151899632495863E-4	0.0021995291885682296	0.012926983970247583	1.1398410710371294E-4
321	class	2.1129714441910013E-4	1.4119806683059156E-4	0.986511662132625	1.354024936338899E-4	0.011880056178312453	8.929630031851214E-5	3.1415991038008805E-4	1.632792032883496E-4	2.4277741560317103E-4	3.108711545889431E-4
322	datum	2.916845645115427E-5	1.949164847758817E-5	0.9997491374448858	1.8691600162395754E-5	2.8847749672327776E-5	1.2326883329400402E-5	4.3368118815863136E-5	2.2539832914395395E-5	3.351414186790473E-5	4.291412342308952E-5
323	datum	1.4633525066468425E-5	9.77876656110441E-6	0.9574389928708813	0.01577100522968116	1.447262965896536E-5	6.18427500592251E-6	2.1757354724624117E-5	1.130801043583376E-5	0.006887266873075504	0.019824600464909102
324	type	1.4458228742881898E-5	9.661625829832464E-6	0.977514683127886	0.01917581012895314	1.4299260716053628E-5	6.110193014901061E-6	2.149672139964803E-5	1.117255075353056E-5	1.6612299319266404E-5	0.0032156958633847038
325	input	5.8650456140646504E-5	3.919282036943182E-5	0.907167508601316	0.03567297943413953	5.8005595179386174E-5	0.056717460630698324	8.720241863917595E-5	4.532195537933355E-5	6.738854046002034E-5	8.628954767815974E-5
326	type	2.715587881366709E-5	1.8146755376732893E-5	0.9787669250519595	1.740190913748035E-5	2.6857300298375475E-5	1.147634775957312E-5	0.001540341609287411	2.098461987965099E-5	0.006031065008720719	0.013539645518766824
327	legacy	1.2513201094859527E-4	8.361872609845332E-5	0.9816445137538432	8.01865371273396E-5	1.2375618620357972E-4	5.28820475063413E-5	1.8604823767669117E-4	9.669536760530295E-5	1.437749019791369E-4	0.017463392231011322
328	logical	5.874561173596307E-5	0.013018605804356294	0.9865154104892029	3.7645100888446654E-5	5.8099704540236665E-5	2.482648690019438E-5	8.734389747164669E-5	4.53954865661105E-5	6.749787288651691E-5	8.642954545173583E-5
329	logical	6.0715738702218864E-5	4.057293322403124E-5	0.9692948929618875	0.030221830486996334	6.004816998750584E-5	2.565908238901668E-5	9.027311316387906E-5	4.691789597827509E-5	6.976152076776325E-5	8.932809690339183E-5
330	logical	1.1780396246981767E-4	7.872180105155372E-5	0.9599451362964809	0.03911718438169697	1.1650870951737021E-4	4.978514044918001E-5	1.751527801934257E-4	9.103264120849013E-5	1.3535507843640308E-4	1.7331920849581684E-4
331	logical	0.10062770111981395	7.600183086214793E-5	0.8985078693062024	7.288228267192097E-5	1.1248313829745042E-4	4.806498039074245E-5	1.6910095802531158E-4	8.788731085473192E-5	1.3067833357775083E-4	1.6733073930351138E-4
332	logical	2.9429235452763585E-5	8.324337051414851E-4	0.9948702878659966	1.8858711399049388E-5	8.41873454051098E-4	1.2437091160691671E-5	4.375584912807262E-5	2.274134906708246E-5	3.381377323409446E-5	0.0032943689653689673
333	value	1.396057407932153E-4	9.329071044782559E-5	0.9949437349862061	8.946152812891063E-5	1.3807077758697038E-4	5.899879144288346E-5	2.0756800635767487E-4	1.0787989678641167E-4	1.6040501184397095E-4	0.004060984550405986
334	path	4.768289920050238E-5	3.186381532272281E-5	0.14229321254867883	0.6874481798708703	4.7158626377450875E-5	2.0151273216546657E-5	0.10542225567183644	0.06456455480352384	5.4786973426404905E-5	7.015351754686764E-5
335	list	1.329423178158421E-4	8.88379174606498E-5	0.9988566330348702	8.519150313754529E-5	1.314806188538883E-4	5.618276181327051E-5	1.9766072450040547E-4	1.0273075765388854E-4	1.5274883355549987E-4	1.9559153033875658E-4
336	map	1.4234995573209067E-4	9.51245158473358E-5	0.9830502094629945	9.122006370596555E-5	1.4078481992021172E-4	6.015852430152691E-5	2.1164814819598954E-4	1.1000048024296241E-4	0.015889071501157686	2.094325279017816E-4
337	java	0.01478454301277919	1.1782132622785351E-4	2.546816187009738E-4	0.8133043554360478	1.743762272847715E-4	7.451241201050456E-5	2.621476208524554E-4	1.362467115073324E-4	2.0258320617700588E-4	0.1706887324284121
338	grouping	7.649226664242583E-5	0.004276196432310079	1.1049085842940135E-4	0.3739686795271456	7.565123521928178E-5	3.232640191576733E-5	1.1372990249925044E-4	5.9109158287168494E-5	0.019100752701398705	0.6021865715161524
339	java	6.112572828978839E-5	4.0846906340632694E-5	8.829433990278832E-5	0.5368715124484168	6.045365174518036E-5	2.5832348116008502E-5	9.088269211697716E-5	4.7234714141619947E-5	7.023259297637254E-5	0.46264358457795385
340	java	1.6644877911347753E-5	1.1122841201544748E-5	2.4043042906213847E-5	0.4877451969195262	1.6461867706887743E-5	7.034292966063967E-6	2.4747865700185158E-5	1.2862277015945506E-5	1.9124728133249823E-5	0.5121227612869323
341	java	0.0021217970001678106	0.03895497490572162	0.00420240551074376	0.7986326417471192	7.332762169994276E-5	3.133350253606337E-5	1.1023670984701716E-4	0.10244000258992975	8.518904747864272E-5	0.05334809136475614
342	build	0.04134730822558492	2.855471003304353E-5	0.47683455837221705	0.4472969479290068	4.226113188662804E-5	1.8058533093643233E-5	6.353305924275431E-5	0.02599589735294969	4.9097263586743985E-5	0.008323783422398735
343	composite	6.143687263156252E-5	4.1054826706450065E-5	0.4700871393417277	0.3987744706314688	6.076137505918199E-5	2.5963840847071446E-5	9.13453064073679E-5	0.05434331868067949	7.059009340252901E-5	0.07644391903106981
344	first	6.09200437002138E-5	4.0709458830375894E-5	8.799723448461535E-5	0.9994271000163669	6.025022865484852E-5	2.574542373786777E-5	9.057687704122226E-5	4.707577202242207E-5	6.999626430651E-5	8.962868085491463E-5
345	first	6.763376464184133E-5	4.519586313462723E-5	9.769500947098814E-5	0.9993639633148158	6.689013232675748E-5	2.858270979351436E-5	1.0055894270111183E-4	5.2263778748509E-5	7.771023424098433E-5	9.950625012566648E-5
346	first	5.441935390984813E-5	3.636541133277032E-5	7.860717681148626E-5	0.9994882333453715	5.382101385961364E-5	2.2998166791287354E-5	8.091154944029979E-5	4.205238444795343E-5	6.252706413685435E-5	8.006453389821372E-5
347	first	6.03112123307363E-5	4.030261086926226E-5	8.711779524709371E-5	0.9994328255454444	5.96480913779323E-5	2.5488125472140335E-5	8.967165700619775E-5	4.660529949796587E-5	6.929672571678485E-5	8.873293703736436E-5
348	last	6.09200437002138E-5	4.0709458830375894E-5	8.799723448461535E-5	0.9994271000163669	6.025022865484852E-5	2.574542373786777E-5	9.057687704122226E-5	4.707577202242207E-5	6.999626430651E-5	8.962868085491463E-5
349	last	6.651557129779334E-5	4.4448637047135725E-5	9.607981164907682E-5	0.9993744789498942	6.578423350319861E-5	2.811015002968612E-5	9.889639528846457E-5	5.1399698361429294E-5	7.642544598244458E-5	9.786110694650267E-5
350	last	5.3219568718769825E-5	3.556366197615708E-5	7.687412193532705E-5	0.9994995162807502	5.263442029026405E-5	2.2491125491534948E-5	7.91276899890007E-5	4.1125254217892834E-5	6.114852800580658E-5	7.829934862495967E-5
351	last	6.0210921590003145E-5	4.0235592175036834E-5	8.697292818376132E-5	0.9977708815301705	0.0017224360657257807	2.5445741595499244E-5	8.952254315893161E-5	4.652780014373121E-5	6.918149308119453E-5	8.858538417548348E-5
352	max	3.5660781385395096E-5	2.3830106209570595E-5	5.151096340175812E-5	0.9996646413917138	3.526869158291625E-5	1.507060520357509E-5	5.302100941742271E-5	2.7556756572622102E-5	4.0973730936769284E-5	5.246596357607735E-5
353	min	3.6051345669784596E-5	2.4091098482232305E-5	5.2075122171634685E-5	0.9996609684745827	3.565496161835291E-5	1.5235661601892309E-5	5.360170652489568E-5	2.7858563894076076E-5	4.1422483748132003E-5	5.3040581706214245E-5
354	binary	0.0010276804046668152	1.2211904848876792E-5	2.639715401199549E-5	0.05351021739376597	1.8073688046844673E-5	7.723037201031544E-6	2.7170987670081136E-5	0.9453226416038221	2.0997275425585366E-5	2.688655054077652E-5
355	datum	2.2346009799685866E-5	1.4932588860902206E-5	0.938710419881133	1.4319670329493102E-5	2.210031572826719E-5	9.44364869425462E-6	0.011141841459824383	0.04753746301737877	2.5675247638228222E-5	0.002501458160612968
356	binary	1.0204326937985207E-5	0.00592503979847994	1.4739854008286107E-5	6.539091273842012E-6	1.009213050318743E-5	4.312451288954769E-6	1.5171953436190236E-5	0.9939871626403054	1.172462660952992E-5	1.5013127156714015E-5
357	long	1.691706096279679E-5	1.1304725915577735E-5	2.443620342197058E-5	1.08407155506838E-5	1.6731058109417302E-5	7.149320263619839E-6	2.515255173266936E-5	0.9998431416570276	1.9437462590610562E-5	2.4889244425022087E-5
358	int2	5.6721055155170613E-5	0.05016606602318361	8.193191743699999E-5	3.634773357051228E-5	5.609740793129652E-5	2.397088890833661E-5	8.433375497431305E-5	0.9493459086183177	6.517168615181935E-5	8.34509143702232E-5
359	random	3.3422444340514395E-5	0.19847830736737554	0.01204794123525218	2.1417621707510687E-5	3.3054965023159906E-5	1.4124661435507533E-5	4.969301477105215E-5	0.6157008689589413	3.8401913487466104E-5	0.17358276781766577
360	sort	3.2463547968472556E-5	2.1693573891934494E-5	4.689265255359973E-5	2.0803146011362954E-5	3.21066117035837E-5	1.371942217566054E-5	4.826731259636046E-5	0.8481789108121913	3.730015518554685E-5	0.1515678427657222
361	string2	5.118818327038766E-5	0.5739963588298281	7.393984463064263E-5	3.280218328768162E-5	5.0625369897039726E-5	2.1632641551488894E-5	7.610739422416372E-5	0.42556322038774663	5.881449499931257E-5	7.53106705645445E-5
362	binary	0.03134113721494367	2.5247434551672407E-5	0.001098019830781489	2.4211135980044583E-5	3.736634552242069E-5	1.5966950175763065E-5	5.617450687619525E-5	0.9631290987043718	4.341069993840192E-5	0.004229367176858507
363	buffer	9.469691318428094E-5	6.328065205615793E-5	1.367869418389335E-4	6.068325352826948E-5	9.365572192196643E-5	4.001986880696925E-5	0.0786001247131818	0.8762023378058954	1.0880540724619174E-4	0.044599608722339965
364	window	6.819774531020591E-6	0.9543562033298965	9.850966317286482E-6	0.04558421990084569	6.744791203540469E-6	2.882105370144824E-6	1.0139747800984315E-5	5.269959303484857E-6	7.83582400126294E-6	1.0033600730020069E-5
365	datum	9.37165218095837E-5	6.262551131951802E-5	0.9966057587048506	6.005500350039469E-5	9.268610993699435E-5	3.96055455426141E-5	1.393391953960121E-4	0.0026606539210458618	1.07678951491747E-4	1.378805351066146E-4
366	logical	7.080804218021424E-5	4.731705532221795E-5	0.9133465858901585	0.08022314049309218	7.002950872711037E-5	2.9924191436061502E-5	1.0527850836168123E-4	0.005921382467285831	8.13574340140434E-5	1.0417640942219947E-4
367	row	5.061573954962276E-5	3.3823668536816324E-5	0.5564334541337203	3.24353524558229E-5	5.005922018713733E-5	2.1390721072414747E-5	7.525627591630605E-5	0.4152125335723306	0.0028539373741822845	0.025236493942048712
368	timestamp	4.6803160737534814E-4	3.1275935298934334E-4	0.7116036639259983	0.28467096426991273	4.6288560626823793E-4	1.9779486885941627E-4	6.95876739045966E-4	3.6166995146151413E-4	5.377616643687767E-4	6.885920137202818E-4
369	count	2.3009537906921846E-4	1.5375987593464597E-4	3.323660949000503E-4	1.4744869451624755E-4	2.275654835306004E-4	9.724062351980141E-5	3.4210942067385426E-4	0.2861395360834584	2.6437632002189617E-4	0.7120655020243754
370	event	0.07954321320916123	0.41901908562931983	2.8684547526404534E-5	1.2725422810739791E-5	1.9639827972422187E-5	8.392261815061967E-6	0.3565135307919828	0.03182468735337955	2.2816753071051193E-5	0.11300722420296089
371	local	0.01992737367054925	0.16423986763143883	0.0069065155688111295	1.5228740219178945E-4	2.35033320770262E-4	1.0043169247394463E-4	0.8076321608947759	1.836403823400804E-4	2.7305214949002694E-4	3.4963728715896525E-4
372	notify	0.0980203537474629	2.3948034564867385E-5	0.001041508467192882	2.2965070772563114E-5	3.5443226213826655E-5	1.5145185302772094E-5	0.8304473170925324	2.7693127050845915E-5	0.008948859815543171	0.06141676623336377
373	rescale	0.15935388423068067	0.06892395522517852	2.0834575810969114E-5	9.242913315363927E-6	1.4265084168720423E-5	0.10835692876882667	0.5477508410118743	1.114584733037862E-5	1.6572594397083894E-5	0.11554232974841734
374	stream	0.7748537931500918	7.746170268682466E-5	1.6744058532716012E-4	7.428223303869368E-5	0.022524416996970692	4.898823065761242E-5	0.07380446118773316	8.957548346068066E-5	0.01614016933809707	0.11221941109193626
375	unaligned	0.1988285302691871	4.4530439780551543E-5	0.06450983283873683	4.270265680148892E-5	0.003746681085036606	2.816188360942938E-5	0.5724597126636557	5.1494293743921106E-5	0.007438117664501066	0.15285023620494734
376	legacy	1.987997408418161E-5	0.20315777314194586	2.8716045406048615E-5	1.273939632159067E-5	1.96613940416494E-5	8.401477175783592E-6	0.696211210224984	1.536218740098028E-5	2.2841807652840888E-5	0.10050341435098702
377	stateful	3.211799615518336E-5	0.19694105235145898	4.6393512991418375E-5	2.0581711039642433E-5	3.176485922774464E-5	1.3573388500762046E-5	0.742487828184733	2.4819080436955335E-5	3.690312106368033E-5	0.06036496579439254
378	stateful	2.6853780664655304E-5	0.010400900053269956	0.05566176364865889	1.720831994908486E-5	2.655852371437078E-5	1.1348678040637797E-5	0.7973025559928023	2.0751174485861417E-5	3.085461228954541E-5	0.13650120521612463
379	window	0.09009451740394418	0.49529478836363106	6.728171404043131E-5	2.984841430068377E-5	4.606665969638896E-5	1.968466677306539E-5	0.1531507497190607	3.5993615594804725E-5	5.3518370964174064E-5	0.2612075510719945
380	job	0.8917682095001735	6.658954709058912E-5	1.439394223826581E-4	6.385633265669924E-5	0.02486712404302865	4.2112475960518366E-5	1.4815901248371564E-4	0.016589383853829534	1.1449475557080581E-4	0.06619613105682312
381	page	0.3651622515830077	1.3797737621950174E-4	2.982507721203076E-4	1.3231399851668666E-4	2.0420729494488045E-4	8.725947529323793E-5	0.33104816425732225	1.59554847786741E-4	2.3723972687577564E-4	0.30253278066791295
382	page	0.34164183543430465	1.271052378302576E-4	2.747496463702979E-4	1.2188811463541062E-4	1.881164688140663E-4	8.038373147816728E-5	0.362746839431265	1.4698247952360936E-4	0.005471648023339022	0.28920045143243955
383	csv	1.1704237371764736E-4	7.821287387309135E-5	1.6906431084243707E-4	0.2812973827434849	1.1575549442308982E-4	4.946328537574792E-5	0.17472584261356378	9.044412589736463E-5	1.3448002378522607E-4	0.5432223121550366
384	aggregator	5.2146537471598564E-5	3.484661519274723E-5	7.532415945120103E-5	0.0259564299082284	5.1573187006945854E-5	0.02594505124836055	7.753229029075526E-5	4.029607269902613E-5	5.991563035465339E-5	0.9477068843509441
385	aggregator	2.8705965638606352E-5	1.9182591727965702E-5	4.146493396883248E-5	1.8395228862755552E-5	2.8390343939923794E-5	1.2131430056213154E-5	0.10152015170888665	2.2182444594697028E-5	0.012717666650081675	0.8855917287022427
386	connected	1.1857552737458455E-4	7.923739473497488E-5	1.7127890678912339E-4	7.598504056745312E-5	0.019765971764930997	5.011121154512739E-5	0.25233461628613424	0.013190762181463075	1.3624159554511455E-4	0.7140772200909152
387	dangling	0.6717911413613622	3.0043848170863655E-5	6.494253739229232E-5	2.8810677454767794E-5	4.446506472877556E-5	1.9000291924733164E-5	6.684633055320673E-5	3.474222914779976E-5	5.1657703093397065E-5	0.327868349956172
388	solution	0.07928092157869815	2.3870697099927132E-4	5.159870433959585E-4	2.2890907677845974E-4	0.020084214247979612	1.5096275642390814E-4	0.010396576517186704	2.760369523394338E-4	4.1043523333216295E-4	0.8884172496228663
389	type	4.755764264224662E-5	3.17801133686231E-5	0.19314330280273015	3.0475676435727163E-5	4.703474701333606E-5	2.009833853409451E-5	0.6817422816978852	0.034186000266176846	5.464305542134012E-5	0.09069682565979238
390	aggregate	1.1337751235195178E-4	7.576385194493906E-5	1.637705249985246E-4	7.265407176545697E-5	1.1213092815787055E-4	4.791447806916284E-5	1.6857146469030445E-4	0.022006194886319535	1.3026915016763142E-4	0.9771093531315347
391	co	1.4315324930130014E-5	9.56613120230799E-6	2.06780712567954E-5	9.173482670804045E-6	1.4157928128763964E-5	6.0498004250473985E-6	2.1284249768142883E-5	1.1062122282018826E-5	8.071608002804719E-4	0.9990865520890557
392	cross	2.900489899361017E-5	1.9382352174107854E-5	4.189673452145505E-5	1.8586790001970848E-5	2.8685990526787254E-5	1.225776230134135E-5	0.001645222130338529	2.241344440387819E-5	3.332621667395879E-5	0.9981492236800643
393	datum	4.89727352661702E-5	3.2725740643584876E-5	7.073969430778734E-5	3.138248977922475E-5	4.8434280713258306E-5	2.0696370922425116E-5	0.20565498782591138	3.7843527034380097E-5	5.6268976732391314E-5	0.7939979483586893
394	distinct	4.9440821191637315E-5	3.303853629431772E-5	7.141583083757998E-5	3.168244651416984E-5	4.889722004039164E-5	2.0894188746656925E-5	7.350938886270484E-5	3.820523895997606E-5	5.680680080747547E-5	0.999576109527745
395	filter	5.628023875600409E-5	3.7608936623156654E-5	8.129517094625537E-5	3.6065251571780336E-5	5.566143830239593E-5	2.378459546043642E-5	0.004746670572832453	4.349037735565239E-5	6.466519437485113E-5	0.9948544782237769
396	first	0.004155410771922926	9.703186063113843E-5	2.097432792711473E-4	0.00811346222532129	1.4360770095694008E-4	6.136476484325994E-5	0.004226098464714323	1.1220610347624036E-4	1.6683758413958002E-4	0.9827142372447232
397	flat	4.604569461510079E-5	3.076976304340583E-5	6.65116690656247E-5	2.950679664474273E-5	4.553942283402226E-5	1.9459374077337795E-5	6.846146138623038E-5	0.002578934015522115	5.290584862866945E-5	0.9970618659541827
398	group	3.258039017794355E-5	2.1771653007233836E-5	0.0036462431802781045	2.087802031488258E-5	3.222216923456329E-5	0.015310291249186309	4.8441035427101674E-5	2.5176393962649888E-5	3.743440522345778E-5	0.9808249615031877
399	group	7.317287354594121E-4	5.831309765634196E-6	0.024594687136703926	5.591959586570327E-6	8.630371339511795E-6	3.6878294425028724E-6	2.539752313057462E-4	6.743234054349234E-6	1.0026414286399276E-5	0.974379097778056
400	join	1.3165045498572241E-5	8.797463776643209E-6	1.9016526013004576E-5	8.436365736086887E-6	1.3020296003787635E-5	5.563680757633165E-6	0.0014739270985708645	1.0173247471807472E-5	1.5126450152596628E-5	0.9984327738260191
401	map	3.348425970181547E-5	2.2375658469724437E-5	0.002822641747169718	2.145723395162339E-5	3.3116100725410874E-5	1.4150785229476515E-5	4.978492282035329E-5	2.5874856292276553E-5	0.0037375058799933285	0.9932396085556462
402	object	8.022058997414639E-5	5.360693470562164E-5	1.1587631324079909E-4	5.140660065777669E-5	0.03331196124566523	3.390202888805376E-5	1.1927323214045995E-4	0.1307769727496542	9.21723176412431E-5	0.8353646079874325
403	outer	1.7141301562940984E-5	1.1454573370129657E-5	2.4760112458690303E-5	1.09844124118835E-5	1.69528331872369E-5	7.2440865986270124E-6	2.5485956176153687E-5	4.866492090683267E-4	1.969511185286624E-5	0.9993796324033133
404	partition	1.987997408418161E-5	1.3284675081841589E-5	2.8716045406048615E-5	1.273939632159067E-5	1.96613940416494E-5	0.10103160655258923	2.9557857460947343E-5	1.536218740098028E-5	2.2841807652840888E-5	0.8988063501099607
405	reduce	3.417963344709248E-5	2.284033786152499E-5	0.026480331534324657	2.1902840253482774E-5	3.3803828845891045E-5	1.4444657174421981E-5	9.947816742078553E-4	2.6412204165238163E-5	3.92719130083933E-5	0.9723320313767114
406	reduce	4.402998675025867E-5	2.9422778186637464E-5	6.360003757520978E-5	2.8215099721495547E-5	4.3545877649521875E-5	1.860751564191893E-5	6.546447529864179E-5	0.0875865251607223	0.0012665967890406887	0.9108539922794132
407	replicate	1.737762431447695E-4	1.1612494650877209E-4	2.5101473812324507E-4	1.1135851703447818E-4	1.7186557573359342E-4	7.343958972441001E-5	0.1346387769041418	1.342850449263129E-4	1.996664333533783E-4	0.8641296920073093
408	sample	9.275622228952243E-5	6.198379684588533E-5	1.3398367018389984E-4	5.943962864519163E-5	9.173636889699195E-5	3.919971329828888E-5	1.379114069988244E-4	0.6533086220893548	1.0657558099269749E-4	0.34596779152249385
409	sort	4.203643924497354E-5	2.809060185905353E-5	6.072041608081186E-5	2.6937603501017392E-5	4.157424917172893E-5	0.06387000200864913	6.250043758142307E-5	3.248352611611514E-5	4.829927119512869E-5	0.9357873554466005
410	sum	2.257908757633668E-4	1.5088341706378388E-4	3.261483648437683E-4	1.446903019072514E-4	2.2330830817958856E-4	9.542149709015614E-5	3.3570941760464613E-4	1.7447918856535518E-4	2.594305069068018E-4	0.9980641381220753
411	union	1.255659490790109E-4	8.390870268714417E-5	1.8137636799413876E-4	8.046461142456988E-5	1.2418535319020006E-4	5.306543412862518E-5	1.8669342369913682E-4	9.703069192975366E-5	1.442734907230767E-4	0.9989234359751443
412	job	0.5980726471274126	0.05934106327578588	5.0859790557867544E-5	2.2563100858354756E-5	3.482284447228808E-5	1.4880091025592755E-5	0.21301202348853393	0.06420683580087246	0.04574412982249975	0.019500174657981335
413	task	0.4033964911204017	1.1898005138967717E-4	2.571863095688401E-4	0.024700586818077422	1.7609114705904053E-4	7.52452114911162E-5	0.35922748537147986	0.009972182797266162	2.0457553019741497E-4	0.20187117564306886
414	register	2.3609667815134276E-4	1.5777020854561313E-4	0.49589502211155917	1.5129442022634356E-4	2.3350079841158515E-4	9.97768329258105E-5	0.15032131788094308	1.8244296492296778E-4	2.7127172736601986E-4	0.3524515063769481
415	shuffle	0.5157802123515774	5.5704987237513216E-5	1.2041144649764665E-4	5.341853715924349E-5	8.244369526649883E-5	0.055288463031395146	0.08070157445545557	0.20496182635382862	9.577973085110988E-5	0.14286016541073113
416	abstract	2.543391318358794E-4	0.09850962599624659	3.6738549192302745E-4	1.629844680292978E-4	2.5154267656793584E-4	1.0748627749610675E-4	0.7870954784202799	1.9653976358924692E-4	2.9223204735504856E-4	0.11276238572667703
417	stream	3.973020087945848E-5	0.20411630763889418	5.738912171690233E-5	2.5459730118187813E-5	3.929336786542779E-5	0.0033085606758668537	0.7681388065239614	3.070138767808954E-5	4.564943609355211E-5	0.024198101916925892
418	abstract	2.2439160903780882E-4	1.499483653517869E-4	3.241271646824327E-4	1.437936300453559E-4	2.2192442637249634E-4	9.483015288579106E-5	0.9299106463014476	1.7339790960739707E-4	2.5782276932802663E-4	0.06849911767124134
419	stream	0.06068308037320408	0.607977584478252	9.058824072534449E-5	4.0187967540709565E-5	0.02950620230457617	2.6503476578570326E-5	0.1507781550739773	4.84618794360427E-5	7.205724677610796E-5	0.15077717895893364
420	pojo	3.1312521305709545E-5	0.06660897024889935	0.21191628497902942	2.0065550239277744E-5	0.044999518679158364	1.3232986720816742E-5	0.5517760786370077	0.03202104984897498	3.597764191048962E-5	0.09257750890675377
421	datum	0.05179579669804447	5.0058008998609896E-5	1.082049843511267E-4	0.43036578260527314	7.408613562610855E-5	3.1657621844424544E-5	1.1137701792813589E-4	0.1510828761242611	0.02904976693920605	0.3373303938644668
